ID,y
1001,0.3236066118640556
1002,2.687737788904481
1003,1.003687339000276
1004,0.5752842115556623
1006,0.11376364321621696
1007,1.1935744973933038
1011,0.6944262718873842
1012,1.1188795222877446
1013,1.6700211839199728
1015,-1.0073696221586588
1018,1.5759867634967326
1019,0.8938920206677937
1020,1.2920428961081787
1021,1.0609814598609524
1022,2.9422313278919443
1023,0.5956851924374968
1024,1.5183590115769747
1025,1.2071290358169413
1026,1.8263360178616939
1027,0.5091678132986761
1028,0.2254983517046973
1029,0.5704037067847768
1030,1.5218947575227206
1032,-0.6728279136855524
1033,0.927524287105394
1034,1.224902279234803
1035,-0.2577562404339098
1036,3.0108405734453942
1037,0.48316532596056827
1038,1.88383985295546
1039,1.9202147867344213
1040,-0.22732741075376361
1041,1.456678704566041
1042,0.7141519850951268
1043,0.30990441397494023
1044,0.6100472125239362
1045,1.684147447424487
1046,0.4543848668037038
1047,1.8605701273647821
1048,0.8176511181337892
1049,1.325018486007696
1050,1.2423307954828506
1051,0.7463620446986378
1052,1.5340110170831953
1053,1.2560916861066336
1054,0.07084744882013572
1055,1.2450581002993248
1056,-0.1015318976584107
1057,1.1493145025346647
1058,0.8314397793629964
1059,0.4735296264708039
1060,2.5700528684411776
1061,2.8950757321664016
1062,1.5105539792875344
1063,1.2631553035042056
1064,2.796193776601053
1066,0.05879400490273756
1067,0.26595144626192246
1068,2.303183139236441
1069,-0.2150788813124296
1071,0.38581854385449654
1072,2.3782650216828283
1073,0.10421143263472032
1074,2.0267962671165307
1075,3.4066086421007302
1076,-0.4055137539250366
1077,2.059437445075758
1078,-0.5499721226357271
1079,2.020546697685459
1080,0.04856116858599502
1082,0.13450488779747044
1083,0.9440480603942094
1084,-0.7710903871492816
1085,1.9956403814367776
1086,0.7889304248620927
1087,1.472180556166286
1088,2.0197234709688514
1089,1.0297233808667923
1090,1.182443532928393
1091,1.4685835197729764
1092,-0.5132416139539112
1093,1.5124354724731333
1094,1.524676953505815
1095,3.2869753034297067
1096,2.077596243832973
1097,1.4991360812931598
1098,1.1642447923687707
1099,-0.388379970216139
1100,0.26610530832429613
1101,-0.09614993865949256
1103,1.0273741591554175
1104,-0.5725233875710167
1105,0.8618844879313204
1107,0.42920912848260384
1108,1.5286696324439315
1109,-0.7546082525611337
1110,1.6175565829295309
1111,0.9729116816988025
1112,1.9400378660322086
1113,1.3300879143538191
1114,0.9613687238088148
1115,1.8390196469636242
1116,1.0595169530328339
1117,1.684739547517207
1118,1.1105688023732674
1119,1.6963335118297531
1120,2.572656675363846
1121,2.0860257663675714
1122,1.1244326626546297
1123,-0.2268382877387533
1124,1.144633138893947
1125,0.8366402057370804
1126,1.8081790687094776
1128,2.368402807362663
1130,1.8959286797397845
1131,-0.10082634205988823
1133,1.1933666447480822
1134,0.032425959563710194
1135,1.8232247026619826
1136,0.9855934267114197
1137,1.7927816268075465
1138,0.3549627875969852
1139,1.0665985734198427
1140,1.3108306742881384
1141,0.841126810291071
1142,2.0903678694503585
1143,0.9399551228241028
1144,2.8429230978162208
1145,0.9497430691845067
1146,-0.6990612554279634
1147,1.4045401214192164
1148,0.7280065873049242
1149,1.4239312362599166
1150,0.8110383107220633
1151,1.4399502475896382
1152,0.6475463103169163
1153,1.1885034674452888
1154,0.5786637419942743
1155,1.9016868374791656
1156,0.5992553232873197
1157,1.8857986787965348
1158,2.9924906522266146
1159,1.9532544032889643
1160,1.3090414568942448
1161,1.6581401513056186
1162,2.2834924648973667
1163,2.7059509535028297
1164,1.7260495993216365
1166,1.7366645609740279
1167,2.214516670557074
1168,1.944452701879779
1169,0.8298316756539464
1170,2.5520229343537215
1173,1.3494630397019387
1175,1.19837750389204
1176,1.3718583539892604
1177,0.7737157453025668
1179,1.989323450265877
1181,1.0880147173671542
1182,2.1576651033206637
1184,1.7861141848413145
1185,1.957019501970318
1186,4.134815768316766
1188,1.2083404632598054
1189,-0.10442975082694517
1190,1.1107908887432334
1191,1.3988457977918125
1192,0.7763797113503308
1193,1.995440879551626
1194,4.074269305890771
1195,1.0752198241040416
1196,0.8445052759957772
1197,1.396577518136074
1199,1.238779703722791
1201,0.8081085461358266
1202,0.3680658253539281
1203,2.036625046269582
1205,1.6329055346234806
1206,-0.13886510882016245
1207,2.1721707813547813
1208,2.572939272902176
1209,2.270935126248518
1210,0.710778035977038
1211,2.3328376991429827
1212,1.6983801005122718
1214,0.5314672249407305
1216,0.5222267761966948
1218,1.2514682905807086
1220,2.2917266355079833
1221,1.4778925666927705
1222,1.076986708576935
1223,0.49561361620000954
1224,0.5377582302374427
1225,2.141340862542826
1226,0.4689973879662426
1227,2.9116747951719195
1228,1.1811974825858758
1229,1.705406495901431
1232,0.802737692072472
1233,0.3570572013428107
1234,0.9779841669992493
1235,1.1871376850054147
1236,1.7475366621887227
1237,3.175396945818407
1239,3.019931416128733
1240,2.896390859913001
1241,2.301913683678193
1242,1.7358983981864449
1244,0.3275286181909131
1245,-0.7926082626597896
1246,0.8985853386085285
1247,2.005199479431018
1248,1.4734698681915805
1252,1.5464971588870613
1253,1.3354474092013433
1255,1.2065143903668047
1257,2.9254753347938043
1258,0.7746128988848351
1259,2.221239304406801
1260,0.9703631382255479
1261,2.5838116081621676
1262,1.1632180434477142
1264,0.9707357813848624
1265,2.6262001666550767
1266,1.3200589477140914
1267,2.1369981174690165
1270,0.1656666285222651
1271,2.9952510834570996
1272,0.8394738071800725
1274,2.2032339607473372
1275,0.17292110220051482
1276,1.865915524574871
1277,2.085690694754169
1278,-0.4523826482142175
1279,1.8436020315057948
1280,1.021060142450715
1281,2.129768221150899
1282,1.092940165275944
1283,0.797712571968158
1284,-0.40516810633783784
1285,0.48793396513519927
1286,1.1435397692834237
1287,1.2687622054108547
1288,1.1305365899441637
1290,0.7632991774457059
1291,1.5768056791665406
1292,1.667839634624316
1293,2.2423497070913205
1294,1.573145164412029
1295,1.0206389978040973
1296,1.25529100259803
1297,3.440416156910125
1299,0.5478347891358192
1300,2.521653637857517
1301,0.5176941747000097
1302,1.8573282467223333
1303,1.1974515901719112
1304,1.6310249686424831
1306,1.8619279885860083
1307,2.821855037166505
1308,-1.0076813023799764
1309,2.436826365926677
1310,2.3553163291946526
1311,0.15577306053565976
1312,1.163510820035594
1313,0.747520077716693
1314,1.2613816995418383
1315,1.6515814214162179
1316,0.801198536537284
1317,0.9358230314943289
1319,0.7370106168239859
1320,0.9373797252209648
1321,1.0032139576935595
1322,2.387468055289135
1324,1.6592939118019077
1325,3.0697395831786434
1326,1.1480131652815762
1327,1.3559298410551874
1328,1.801234711273203
1329,2.122366828950348
1331,-0.3736672063284936
1334,0.10428949888037031
1335,2.219287513186
1337,-0.16244958865508213
1338,0.76123642722376
1339,0.8258426182328227
1342,0.4198616387042986
1343,1.3717633189107559
1344,0.8023760733745163
1345,1.6572212443716403
1346,2.4949655307418293
1347,0.4103818637775201
1350,1.4626686750427442
1354,1.5070659077789093
1356,2.6621156107176014
1359,2.71920410919634
1360,0.9719240961883756
1362,0.8860118940154534
1363,0.6750040488396516
1364,1.373786550289711
1365,4.265983253914902
1366,2.80493644250439
1367,0.7389461715246206
1368,-0.14392677603341286
1369,3.263096278779796
1372,0.884460401423779
1373,1.664919417160613
1374,0.9894775049912694
1377,0.9537010689324771
1380,1.2042245101965332
1381,2.4525560150367465
1382,0.9883987607726237
1383,0.5104599151345043
1384,0.06809099561684662
1385,3.2558239493303733
1386,-0.07586779693152801
1388,0.7400506876974162
1390,1.8118550760574332
1391,1.726261569876958
1392,-0.08162729771334898
1400,2.4736876754414867
1401,0.8781691527099631
1402,2.4991809359902617
1404,3.1162401036560916
1405,2.5350209034776756
1406,1.043406448107946
1407,1.3698993047329517
1409,0.13342933866834328
1411,2.392486229686167
1414,1.296168660637079
1417,1.981132783694512
1420,-0.022130718744784117
1422,1.7942750829321314
1423,0.3147300746550463
1424,1.246144651619774
1425,-0.8640014126234492
1426,2.7791207627253645
1427,0.5653110035317881
1428,2.44782202279619
1429,0.6249668574979218
1431,0.12740728179362037
1434,0.2714397311358858
1435,2.501821922953795
1436,-0.8116859946447987
1437,1.769615214332919
1438,2.065457710643163
1439,0.5902844754569413
1441,2.1946888705169774
1442,2.3019892368272004
1443,2.467899705159528
1444,0.4913035495373872
1445,-1.9010005978248166
1446,0.5174417739032198
1448,-1.8941061218163182
1449,2.854109239588117
1450,2.083324605094904
1451,1.007860565318373
1452,0.40894049679428557
1453,1.4859153694673202
1454,1.2735738628221482
1455,0.5379375602000787
1456,-0.14102324598898763
1457,2.0684212164518847
1458,1.135443457374458
1459,1.3659197234075926
1460,0.5600485567305142
1462,1.0226180422469078
1465,0.8705424368545303
1466,2.0423332027569856
1467,-0.9994493298649729
1468,2.266086377726295
1469,2.912985630204761
1471,0.5676644994200514
1473,0.26103374494993503
1474,0.797278266769693
1475,1.2964420012805302
1476,0.9309797960854609
1477,0.8249543324302389
1478,1.4068711014841138
1479,1.5256758228834095
1480,3.0650970696426367
1481,1.9698734305752676
1482,1.6362005987192327
1483,0.8271607532743458
1484,-1.2877155755063283
1485,2.5738829493579845
1486,1.7143986414096912
1489,1.2386451080435075
1491,0.8567994803196899
1494,0.589765373027697
1495,2.0143067068231884
1496,0.6057422414947249
1497,0.8708507754412961
1498,1.814210096821236
1499,2.443751486422464
1501,1.5965343227582243
1502,0.2934473758340178
1503,1.4195563341379782
1504,1.4141971502212558
1505,0.474658227029305
1506,1.0228366972248426
1507,0.3020867922624033
1509,0.8695686898973267
1510,1.0097413904822834
1511,1.5140549182195095
1512,-0.19084039465123862
1513,1.672087349391932
1517,1.6535131041107163
1518,1.3721402859511065
1519,0.28479026415233566
1520,0.5075605521440648
1521,0.7385574377770933
1522,-0.04602774519637165
1523,2.0185227409622923
1524,0.45520894959416847
1525,1.5678141737592544
1527,0.48675044218312125
1528,1.0839865570307583
1529,1.6079472125701366
1531,0.3502905882794141
1532,0.6425118280779475
1533,0.9476628556511142
1534,0.28479476346105703
1536,0.7838789024966923
1537,0.07167558536096785
1538,-0.41292802271357054
1542,0.037079595349800654
1543,1.3576507778448037
1544,1.9395446668349308
1546,0.4932126125680919
1547,1.1393072488183746
1549,2.3006340533162755
1552,1.0208107265095423
1554,0.9240854634665562
1558,1.8188993326605294
1561,0.15029239616109735
1563,1.7831050329269038
1564,0.1248174464989798
1565,1.1974522514897534
1566,0.4107090331183645
1567,0.42110348525255237
1568,0.5961732182220448
1570,1.3659469296506743
1574,0.5574028458465867
1578,0.06406476767669023
1579,0.20181143198688611
1580,0.18769820746018573
1581,0.6809915590810555
1582,1.6623192565159628
1588,2.4637002523304616
1589,1.1245746492549906
1590,1.189596783877715
1591,1.920294582110413
1592,1.95377956633528
1593,1.7367608065152746
1594,-0.723783340085209
1596,-0.928711466703094
1597,2.75182501311754
1599,0.6810724758923504
1604,1.9158206739594132
1606,-1.0380816574146006
1607,1.414742499526477
1608,0.668096201312902
1610,-0.11159960650567427
1613,0.5997489554234062
1614,0.5210190114405093
1615,2.238259877313301
1618,0.2547148692003941
1619,0.9135573784004508
1620,0.3486466465098187
1623,2.4023922228895227
1625,3.712204838050538
1626,1.593973625793219
1627,2.569756235166244
1628,0.8515923544116547
1630,1.7341069320412452
1633,1.7024887719639143
1634,1.8773298944276073
1635,2.3276998907823603
1636,0.5756822435852658
1638,-0.17014015032414365
1639,1.4253547159907103
1640,1.7320978671139804
1641,-0.6227141800811931
1642,0.571836211501475
1643,1.0092131383379357
1644,1.3147610765091415
1645,1.630797800365532
1646,2.551778293892639
1647,0.7708221953169583
1649,0.6337652939291755
1650,1.9664256436006267
1651,1.4846113307886069
1652,4.026116913733338
1654,1.7895966143780284
1655,0.9681887969914734
1656,1.8764316323618135
1657,2.1026347022699867
1658,1.2756402028780292
1659,0.02382633323851424
1660,0.6684185269912191
1661,0.50743792240667
1662,2.8159330021762674
1663,1.0433192890722058
1664,0.5649753588473381
1665,1.3264498001135174
1669,0.5131154402977883
1670,1.2979494932363285
1671,1.0629863489379587
1673,1.02599536408195
1674,1.3529818733149694
1675,1.7547116659294653
1676,0.9274725143541083
1677,0.31178761416221135
1680,0.8267115387162753
1681,0.4710735618339251
1682,-0.2575874497820858
1683,1.238820019058702
1684,-1.1625368296140008
1685,-0.2385800135304902
1686,-0.03322545877424579
1687,1.4235072053900486
1690,0.7227592168375987
1692,0.011458655891248615
1693,0.5069682618413108
1694,3.0733422408383655
1695,2.4320125111777866
1697,1.4001727468131175
1698,0.8401497632496908
1701,2.2184623008863227
1702,2.5348442331755323
1703,0.4711103595831885
1704,2.5656022864598342
1705,1.6134956530141387
1707,1.0364726005969382
1708,2.3857676210244168
1709,1.2892179137040451
1710,1.4708154840856775
1711,0.7488703401222543
1712,0.16528561712986722
1713,0.25673188180860157
1715,0.9646183141082296
1717,0.6930475811708711
1719,-1.0820966490651915
1720,1.6778507810601906
1721,-1.2737356382399734
1722,0.9201546052941154
1724,2.5884836138970524
1725,0.8456196579360867
1727,2.017002309450319
1728,0.9024198371971726
1729,1.405249757118789
1730,0.6097323969669617
1731,1.9476184199841433
1733,1.7075334645204356
1734,-0.060904565403618216
1735,1.403007104046314
1736,2.1854753972165755
1737,1.5186617693999656
1739,1.7189182124945268
1740,-0.38749789272071733
1742,2.503070156669741
1745,1.4546678242308457
1746,1.9682382199719037
1748,1.2942846788838567
1750,0.4240317647645348
1751,0.21792829396557922
1752,1.2423851022196533
1753,0.8989955404236238
1754,2.305039800359856
1755,0.5773129000573176
1758,0.06166252817247275
1759,2.510542309377004
1760,2.7212350222216353
1761,-1.2582740595939554
1762,1.3499254020822526
1763,1.540568527896396
1764,0.5874137287326933
1765,2.5194803264406467
1766,1.571206346821062
1767,1.1199949412767731
1769,1.206448363854297
1771,0.37297809998476467
1773,0.02402352500497784
1774,2.613838146187324
1775,-1.3924449597630941
1776,0.3048667923243813
1777,0.9736484264565342
1778,-0.48880386723373925
1779,1.8028611123248384
1783,2.317164424799836
1784,1.5918605034397104
1785,3.0882629643062307
1786,0.6040048377891659
1787,2.997040542277594
1788,1.3455671450118811
1789,0.9411450504025823
1790,0.8970617891874488
1791,0.9802688387905916
1793,0.7923303761938455
1795,-0.6506820679374312
1797,2.520892246550622
1798,0.12249829678593865
1799,1.6829639656052533
1800,1.1164962237714389
1801,1.5461507328932602
1802,2.816556302245751
1803,1.3846731922393243
1804,1.9592912314209645
1805,-0.4687032844114054
1806,1.6689602012095723
1807,0.2631877071893018
1808,-0.6361367347146379
1810,0.1919298180818172
1811,0.5059053074985655
1814,2.2068821978409137
1815,1.2290809023815294
1818,1.6257171054661543
1819,1.6427236039666422
1820,2.6708276935990822
1821,1.4205861167285385
1823,1.2319512901943472
1824,1.474297625441943
1825,1.8254780064446197
1826,-0.2569626122808789
1827,-0.7883492513894303
1828,1.6930882791220747
1829,1.5668305308280976
1831,1.5915709556969335
1832,1.102346369807246
1833,1.6442661685569078
1836,2.024587657922952
1837,1.2184425758075066
1838,2.773011973973203
1839,1.52032319626626
1843,0.9699015429737962
1844,0.7136415329028847
1845,2.787712572391191
1847,2.017921723501522
1848,3.6655506335986825
1849,0.37671733217798364
1850,-0.0765578188458271
1851,-0.4538213731574666
1853,1.0184117564754216
1854,1.1787397075636112
1855,2.358940474676517
1856,0.8325219359497071
1857,-0.07361296409716833
1858,2.0731917671711466
1861,0.8043773989427333
1862,1.9800158615907049
1863,1.4480080559394168
1864,0.8469404016507637
1865,1.4096761489364404
1866,1.5795098802916987
1868,0.9474473574125437
1870,1.1249757876559099
1871,2.030145115847431
1872,1.7428462596374783
1874,1.034359361439709
1875,0.6464277819734607
1876,0.3396450241480913
1878,1.63937302743633
1879,0.5501278561310671
1880,0.13144302237853245
1881,0.6703866527845266
1883,-0.6766542152181187
1884,2.192684671208157
1886,0.2599517354365599
1888,1.0652271999761425
1889,1.519384915422153
1890,1.2175056322890938
1891,0.6234742243645586
1893,2.2631132854741662
1897,-0.131985898847093
1898,1.9464046344313286
1899,0.996321427189445
1902,2.089663859051566
1903,1.3160804258963799
1904,1.8333330564256771
1907,2.127065351255297
1908,-0.7790015386402505
1910,2.038934154678185
1912,-0.4724056128383908
1914,2.248480633985912
1915,1.778664830953115
1916,1.6232716042292283
1917,2.293405713969458
1918,0.22610775017924578
1919,0.7428184374437932
1920,1.2193797372410011
1923,1.3797857684446875
1927,2.839586241359775
1928,1.1765030444357045
1929,0.9953417693081819
1930,1.7853532588026073
1931,1.3972092753138536
1933,0.5752391832389901
1934,-0.382646359479743
1935,2.2883763091683136
1936,1.548358909203946
1937,2.4139695559908367
1941,0.3293367189399654
1942,1.1834753840064152
1945,2.5768652564288796
1946,2.0813438313420174
1949,-0.5128842578680879
1952,0.5652954286371363
1953,0.3806458686650311
1957,1.003487104944981
1958,1.1247776469306823
1959,1.5639083013381478
1960,0.6261865758893436
1961,1.2737711120767539
1963,1.8495277399801586
1964,0.03920337730600365
1965,1.8161488598005837
1968,-1.3890401784594941
1971,0.47263418273253444
1972,1.9462268412760828
1973,0.0745399663289531
1974,2.095288602881188
1976,1.8557639263309849
1977,0.6226255189701875
1978,1.8554501407039257
1979,0.5120520297304213
1980,1.536465523753793
1981,0.2603620774133471
1982,2.3824609652249817
1984,1.5232049807341423
1988,1.09808326696929
1989,1.2569314529305218
1990,1.467198057376024
1992,0.6265718714012403
1993,2.326357594684744
1995,1.0437981537572278
1996,-0.09793162033456149
1999,2.048314101721981
2000,-0.3120001262579616
2001,1.05250910719468
2003,0.9590775997850215
2004,-0.7421680479631347
2005,1.2408462425189026
2007,0.5090332080761178
2009,1.145090310262219
2010,1.159163351338494
2011,1.8212397005912848
2013,2.5299119363724953
2014,-0.09564702409160564
2015,-0.27899030710347494
2016,2.6538228786427327
2017,0.25306871441695933
2018,0.9526542372017921
2019,0.597296427753183
2020,1.1459201106313182
2022,0.7757813178619264
2023,1.0811100189383576
2024,1.363626062397542
2025,2.521218848246148
2026,2.7087257862216534
2027,4.566606392560181
2029,-0.36963940711186516
2030,2.027806237436632
2031,2.8941849888297453
2032,3.1446955897520805
2033,2.878375239409753
2036,0.5375155843180041
2037,-0.09700847681413997
2038,1.6446533104756142
2039,2.813867928691681
2040,-0.5373851864641837
2041,2.8277062386568135
2044,2.6731852481652663
2046,1.6695583091326083
2048,0.34759934966832046
2050,0.7482580599576294
2053,2.1122430219745345
2055,0.8367760202713139
2056,0.5413285208093681
2057,1.608548067238258
2058,-0.37118862535063174
2060,0.778774669821128
2061,2.607833615720832
2064,1.413779010819989
2065,2.2002349936605614
2066,0.6788762593145039
2067,1.2383637150458233
2069,2.2594483452960574
2071,1.6043052078861713
2072,0.7683345135771709
2073,2.184609595691537
2074,1.8177370128871193
2076,1.0898610770087078
2077,2.702624772515152
2078,3.3952891874570614
2079,0.9464439829694413
2080,0.2589441223077473
2081,2.3836474252107664
2083,0.6636001292227125
2085,-0.08878854880358467
2086,2.5463692167171503
2087,3.6054501580979963
2088,1.1141441739951887
2090,1.6889152622187908
2091,1.7795018699414058
2092,1.515971217909638
2094,2.531425539091676
2095,1.8212609587672426
2099,0.31532391934832904
2101,-1.0031487724863284
2102,2.086850659346827
2103,0.6574040609387954
2105,1.1981922927731476
2106,2.4768656383186083
2107,1.329310574197214
2108,0.47498509101261027
2109,0.6891256276085242
2110,2.8934356663953253
2112,0.336042940509268
2113,-0.6688545633149499
2114,1.0007679346173557
2115,0.13741100577152132
2116,1.6787663843402953
2117,-0.4414575272320391
2120,1.1722826916541182
2121,2.1824987606017574
2122,1.0323818711863861
2123,2.074567804194012
2124,2.104207898629663
2125,2.4446220475182434
2126,1.5818863327769277
2127,-0.191732108523631
2128,0.7204087040594598
2130,0.6620820827013233
2131,1.286676476846382
2132,1.8132822777215603
2133,-0.012030212576587984
2135,1.5830261454200194
2136,1.2916018813428787
2137,0.8521840955370075
2139,1.6717152133041429
2140,1.5624464935684088
2141,0.23080637348785515
2142,3.5205334038977183
2143,0.608920881519311
2145,0.19134048560120698
2147,1.5641307767688857
2148,-0.09646756262926787
2149,0.25068875176948513
2150,0.7635739083766828
2151,0.7028091151235557
2152,0.4450794258318572
2153,1.6589591220333826
2154,1.330576966578826
2155,1.206509222423154
2156,1.7130558178311492
2157,1.1162718906474371
2159,1.602925105875208
2160,1.199393600019231
2161,1.6565084899378995
2162,1.3102289605476882
2163,1.2990296936288965
2164,1.9984896450988519
2165,-0.1913064807492405
2166,2.1853402906193273
2167,2.510165872315632
2168,3.3167626996294612
2171,1.3588042935832825
2172,-0.5947914302422879
2179,0.6746974721928053
2181,-0.13085296340143782
2182,1.5115400816103575
2183,1.2726444812109865
2184,-2.529880667383188
2185,2.125733260699835
2186,-0.7353856792504316
2187,0.6930571815604406
2191,0.5160557262235534
2192,0.6095176523228498
2193,1.249081264179653
2194,2.0369770280455
2195,0.5518850357548565
2197,-0.03920030988551915
2199,2.041005717480021
2201,2.209883178308752
2203,1.9414601825773028
2207,-0.2683380742871171
2209,-0.08046729022262333
2211,2.5616907282075765
2213,-0.9644486801316066
2217,1.763741042249288
2219,0.4896268129290418
2221,1.7114608488469303
2223,1.9386795176772789
2225,0.9860441326559846
2227,-0.3160405108911371
2229,0.5646841581076828
2231,-0.8972598199591253
2239,0.4569086703846198
2241,1.781859391297219
2243,1.3073530360550611
2245,1.4142969259074327
2247,0.7065374075957414
2249,2.4078818813523144
2253,2.5527542427966576
2255,2.1270326307583916
2259,2.126930666515697
2263,1.2148668445213628
2269,1.5260685719222624
2273,1.7657090596592562
2277,1.1776033697167678
2279,0.8647450338163118
2281,1.1851479831760852
2285,1.1272467867295037
2287,0.5970621419853502
2289,2.279674280119613
2297,0.36657530999465915
2301,1.1508055633570304
2303,1.6442298557488844
2305,1.4993074622002
2311,2.214025326766975
2315,2.169460731539236
2317,1.5277436797503503
2323,1.0844985848247717
2325,-0.7346105787372696
2327,1.9548511900617587
2329,1.8363133470501165
2333,0.7263240235868834
