1796
537
4799
1641
2092
4809
2027
71
3988
4996
4995
1998
1777
4533
1217
2198
2416
3469
770
3815
624
1970
197
1314
1753
3969
1549
1019
3218
1008
3768
4008
2282
268
4987
4753
1832
4731
3835
2505
2229
1720
4243
1084
1787
1977
1572
3487
224
1435
753
669
645
3042
4907
1635
4675
4021
2506
2441
3773
4998
205
2356
1261
97
3399
2257
1480
3018
1154
2505
324
2556
4964
1684
3458
1631
4473
2323
617
4532
529
3012
940
298
3062
869
121
1228
1584
3470
887
1071
2368
4402
2978
191
2141
2141
1547
1876
3039
5016
1786
467
1141
950
413
4887
4529
866
2104
191
4126
2691
4121
4965
3501
826
2668
1926
2489
455
633
4357
322
1440
1146
1239
2153
1955
3900
2895
3888
694
3774
2930
1266
3066
4927
1691
3578
996
1180
3284
648
3871
1746
3695
2364
1479
2304
3187
135
1858
3095
774
3521
360
717
15
4935
4067
3750
1278
4299
1905
75
2758
2157
2696
285
1617
1673
3024
2470
2667
3078
2104
1943
551
3153
530
1928
2719
208
18
2279
845
3642
4409
775
2585
125
4679
2300
3491
4346
42
4908
1504
2418
2232
3571
4190
1735
1554
4107
2407
997
2153
4878
4377
4000
2579
1395
1961
2304
32
3315
4370
3669
778
774
3499
1726
833
2654
1450
2244
1188
3055
4947
170
4697
1680
2894
3283
2750
4325
525
3412
4694
578
870
4408
3069
3895
710
590
