ID,y
1001,3.5250145232161967
1002,1.382227106325308
1003,1.873940270537988
1004,2.7602941657213385
1006,2.73159990363434
1007,2.5194728498159176
1011,3.31727820148726
1012,1.5060985631570813
1013,0.6747775335361292
1015,1.9779064645953341
1018,1.5312199322301525
1019,0.3722968043855772
1020,2.1299707052347756
1021,1.363021274572124
1022,1.877560265883865
1023,1.6209332107448904
1024,-0.2688744601925498
1025,2.3374475645653954
1026,1.2552181599902754
1027,1.59250951672502
1028,2.0326843859771886
1029,1.8993767821618734
1030,2.4035008051392497
1032,3.6236570484328725
1033,2.355754105854809
1034,2.2051559392866333
1035,0.241630640333165
1036,2.6197946168378055
1037,-0.27660894201986064
1038,3.08856783988957
1039,0.973527081170561
1040,1.6163111585022116
1041,1.8148986386368822
1042,0.5456032613114117
1043,2.7484625284726936
1044,1.147014339536803
1045,2.165836180406046
1046,-0.6526274247613382
1047,1.5812348336359654
1048,0.5701270175159542
1049,2.2536636643403978
1050,2.2278978348965177
1051,2.8856960569983934
1052,1.5124144359285983
1053,2.0668858594484476
1054,1.5341063606521121
1055,0.9393270958316222
1056,1.5755190121755052
1057,1.016472183134257
1058,1.771462899974947
1059,0.6918880385958995
1060,2.328975882448887
1061,0.9749711588028128
1062,1.0638109858050386
1063,0.6852410299510463
1064,1.9162906388629732
1066,1.9462135820980861
1067,1.931477828153559
1068,2.905712596980866
1069,1.4678996777526512
1071,1.1297376568869322
1072,1.6327666215998817
1073,-0.3606455881561922
1074,3.214547754229568
1075,2.384458093415675
1076,3.76076861728368
1077,0.7942794155374122
1078,2.4838118933851816
1079,2.0630198871787244
1080,3.658912251246071
1082,1.6645236197649884
1083,2.6758622708538318
1084,1.4136754069566548
1085,0.5963377311823589
1086,1.8512815312473219
1087,2.2925691680852047
1088,1.904078690550926
1089,0.8174519922639629
1090,0.9269243768568605
1091,1.1049821523571572
1092,0.6666645190509384
1093,2.7568141152959154
1094,1.1507677922322244
1095,1.0101858197973963
1096,2.3400939466712902
1097,2.4541018330606406
1098,2.083105997181296
1099,2.624025794435731
1100,2.7924080568642284
1101,1.0874378192136944
1103,2.721983839843844
1104,2.222196683845112
1105,0.6299247474558616
1107,0.9501702471411737
1108,2.522800291903219
1109,3.0937568650141403
1110,2.0508809591617503
1111,-1.6570488097214342
1112,1.7057939247682063
1113,1.1470197607577326
1114,2.233560291179214
1115,3.2838798635112423
1116,2.0757192991408457
1117,2.7336415437963666
1118,3.0818632727895108
1119,3.0149833356995144
1120,1.663140379454415
1121,2.8449365854697066
1122,2.043195170063829
1123,1.4310626944237357
1124,2.827985462936471
1125,2.130780491820058
1126,2.6450185927903096
1128,2.2492004468223805
1130,3.222411495293978
1131,2.3128535377996737
1133,1.5397213317743332
1134,1.612608296411954
1135,1.173997845665883
1136,1.3984332492051434
1137,2.0640617490214686
1138,2.65602448593886
1139,1.0726836795879149
1140,2.690721081658731
1141,1.6307678852593712
1142,2.198627458998676
1143,0.20779878372686045
1144,2.4147132810121015
1145,2.1313146391166744
1146,1.6165608652770809
1147,0.7617819512372992
1148,0.670252349381066
1149,2.5620677889821244
1150,1.200565274683786
1151,1.7933796842425862
1152,0.8778634282472287
1153,2.1556585195656366
1154,1.554401404959814
1155,3.13077022331338
1156,0.2163531241886128
1157,2.2475041242620466
1158,0.7227559129522744
1159,1.1190136275150055
1160,1.5709682749808023
1161,2.1195844608516627
1162,1.0865762550207672
1163,3.232238084387568
1164,1.2241749740560597
1166,1.802774948563137
1167,0.28335902199904806
1168,0.5577315407498236
1169,2.5388919972831534
1170,0.9456967888200518
1173,1.8125943667635562
1175,0.35923501694201954
1176,1.610678827071919
1177,2.821440149378062
1179,3.1933286757924693
1181,0.7835271604117717
1182,2.374128101413768
1184,2.568564851790975
1185,2.1981291538283063
1186,3.7841656243180113
1188,2.8931997579256623
1189,-0.4706730492110036
1190,1.1651434327131298
1191,2.2473267705124655
1192,1.2070882625917703
1193,1.369467636087325
1194,1.2248811283625487
1195,1.2785909080572826
1196,0.47208917473272105
1197,1.278393296576624
1199,3.5334542792442662
1201,2.684789517779789
1202,1.1998626704676374
1203,2.8667657156225204
1205,3.352540696452996
1206,3.217313116391253
1207,2.8886777182735615
1208,0.8709618821489145
1209,1.807958083742975
1210,1.8309524225325833
1211,4.2996500506527475
1212,4.28238003661412
1214,2.607260819934051
1216,0.8586468629156898
1218,1.457597439227381
1220,3.145418408383972
1221,1.3928423550341198
1222,1.3271116995706584
1223,0.6340814857851802
1224,1.2196744491628464
1225,0.32574016757529256
1226,1.847584912862497
1227,1.6007514431087897
1228,-0.20692770568423358
1229,1.0344516367743624
1232,1.665819795713111
1233,1.6105129217371328
1234,2.4699100618651677
1235,0.662817208350037
1236,0.00868015387604859
1237,1.1338960795684505
1239,2.1166972385266347
1240,1.383077967524184
1241,1.7556735062941344
1242,2.270965523613863
1244,1.6762803882596737
1245,1.6894105775974464
1246,2.0300454511643533
1247,2.5442008649655588
1248,1.104328584492014
1252,2.5907000932340933
1253,0.22914421428461007
1255,0.9678420491861599
1257,0.3918302104923541
1258,1.1219627449415897
1259,2.4331458728139226
1260,2.164217109521723
1261,1.432915253482957
1262,1.6780845696851003
1264,0.5043506646282226
1265,1.9726634198467472
1266,0.9975965635689003
1267,1.7335727560462604
1270,-0.20779893688145884
1271,0.9178216807759607
1272,2.509349935290312
1274,0.785721799243255
1275,2.537657515529455
1276,1.1958415194965561
1277,1.8025785969067154
1278,1.8633318909691556
1279,0.501719492520988
1280,2.7932112734174757
1281,2.451886121963443
1282,1.6855255049607198
1283,1.5274113698701162
1284,2.5625247454270443
1285,2.7497421071157246
1286,1.3455035569689986
1287,0.7017471672790767
1288,2.2471468142821904
1290,0.4680684280763051
1291,1.714065716986093
1292,1.5675158317497127
1293,1.5938265632883755
1294,1.5839200345737718
1295,1.845918301279626
1296,2.8818487389624945
1297,-0.314845120252248
1299,1.2526124480024323
1300,1.2634189919709056
1301,1.696825747719439
1302,1.776197151326299
1303,1.2059120716628087
1304,1.3890966391728146
1306,2.967686175350249
1307,0.7743012228888605
1308,3.2448795322608923
1309,-0.0170851444957274
1310,3.6631664769577084
1311,0.7018062695091833
1312,2.4160567941050717
1313,1.3505030820415431
1314,3.9996772991977294
1315,0.15581229261414908
1316,1.6413338160209399
1317,-0.8220383838887284
1319,2.2463614031598027
1320,1.4425507948033243
1321,0.3473643604001533
1322,1.14211411349032
1324,3.063384480032262
1325,1.8224456161221487
1326,2.462417300463895
1327,3.12868356614203
1328,0.4497317891723458
1329,0.34422555312921954
1331,1.374965065924653
1334,2.057708313239135
1335,2.212135668174767
1337,3.440388092448175
1338,2.0313440762999
1339,2.540078494492897
1342,2.8888044564153343
1343,1.5960795551181814
1344,-0.2956526943685782
1345,1.3929492779487878
1346,1.1036039691690143
1347,2.859787928642436
1350,1.3040172468486653
1354,2.3293239873422
1356,3.3181630521654517
1359,1.8783828232827433
1360,2.7527292075063547
1362,2.482802346877799
1363,1.768823610537475
1364,1.6291329946241788
1365,1.6605800202247507
1366,1.0917948827615638
1367,2.7738579612886394
1368,0.1078863648969306
1369,1.544070145335108
1372,1.5504486020566675
1373,1.1485791619524492
1374,1.2359597653428516
1377,0.9223394930078795
1380,1.2301269080917012
1381,1.72579233927631
1382,1.7269470809516632
1383,2.667905244962911
1384,1.9889954514721113
1385,1.201824538528362
1386,1.4057453522831533
1388,3.0986038277511057
1390,3.452682610464237
1391,3.0799637044607455
1392,2.50977698559406
1400,0.09453430105567118
1401,1.0113971516188347
1402,-0.17152555202518904
1404,1.890817434693541
1405,1.617107437105093
1406,0.6512671895057058
1407,2.6130265165712876
1409,4.141115982057528
1411,1.0687376168820462
1414,0.47486224111646014
1417,2.3228352426841994
1420,-0.15287523039607104
1422,1.556207901369637
1423,1.1349738802898717
1424,2.9752267484947703
1425,2.375747162792693
1426,1.3546516551147412
1427,2.079540603218745
1428,0.37044761833151907
1429,1.6196652776803346
1431,2.107810476205311
1434,1.9792477246041542
1435,2.173754836715252
1436,1.477531596075782
1437,1.847598727159711
1438,1.7916304179101474
1439,2.2629559801984147
1441,1.1498824595350114
1442,2.8305302191717128
1443,0.7509904536283083
1444,1.6143441065281399
1445,2.0711231116786397
1446,2.440131249105117
1448,1.2369692154979184
1449,0.939292422867567
1450,1.1440128911823977
1451,3.0175115642227754
1452,0.1212245748671944
1453,0.43169473776883815
1454,2.388347852861045
1455,-0.6518633548024657
1456,2.0205176398340265
1457,1.2088293523449072
1458,0.41574524194388895
1459,3.5970561871993496
1460,2.772430014187465
1462,0.9243794305234235
1465,1.528079866236468
1466,2.4954749568096255
1467,1.3314899742698802
1468,1.4566944458980366
1469,1.069333024955697
1471,0.18936994302058563
1473,2.9902724803011407
1474,2.4925422218131574
1475,1.6638773070501784
1476,1.5455675276743266
1477,2.0606725715520184
1478,0.7863922399863537
1479,2.8408322348001804
1480,3.8709747517694146
1481,1.5619992141662256
1482,2.9350058899497853
1483,2.0468492537887633
1484,1.1552556695991758
1485,2.483717552353009
1486,1.2621995664668635
1489,0.83178778417053
1491,0.7821063584641357
1494,1.522165637584703
1495,1.3490745061472218
1496,1.3893362401989244
1497,2.9063326614278147
1498,2.9703525300748095
1499,1.0413793347192828
1501,4.069908979443354
1502,1.218393018725264
1503,1.082365127860572
1504,-1.3148884199527782
1505,3.325765101619367
1506,0.8001094709209889
1507,2.7627855986755243
1509,2.5276885381611374
1510,2.870813778277494
1511,1.9748556119686251
1512,1.8564575979673807
1513,1.7193671059239486
1517,2.366254947258339
1518,1.9740955938115838
1519,0.9284224460106602
1520,3.4190368836852256
1521,-0.8571358985691248
1522,1.9074441041970334
1523,1.5989999625547093
1524,1.0347703618785782
1525,1.3116020874917789
1527,1.6274086486975925
1528,2.329798933885271
1529,2.701033078603423
1531,2.224516644170314
1532,1.957692734428016
1533,2.6480498859136588
1534,2.0221096123574176
1536,3.6982829514562585
1537,2.111522785401778
1538,2.0429962122044034
1542,2.7781411069778836
1543,0.25067194997438147
1544,2.7730287654354195
1546,1.3939293531168486
1547,2.920576529597031
1549,0.2500264253768669
1552,1.5899225330419795
1554,2.718630973174387
1558,2.251394572479945
1561,0.6004791377704828
1563,2.7557275020907115
1564,0.47881860772096796
1565,1.6976608541611458
1566,2.8474159994832147
1567,2.0296915151453714
1568,3.335144686182922
1570,0.49328379618554163
1574,2.451186141794275
1578,4.59827389696441
1579,2.4327097644044615
1580,4.35392346073565
1581,2.729312360561872
1582,1.4341400850109571
1588,0.27144471902499034
1589,1.8306581258348031
1590,2.5446341849710308
1591,3.6773127856167873
1592,2.8102873762037555
1593,2.1642197447204055
1594,1.5791718368412297
1596,2.001424980002331
1597,3.339753206698164
1599,1.6042593666968497
1604,0.637281485524978
1606,2.91526863458618
1607,2.5308134286882806
1608,1.3489272843778548
1610,2.3513276301141417
1613,-1.5517518227620686
1614,3.0087558712035216
1615,2.5932908046099885
1618,2.5027544170391676
1619,1.5648020467799577
1620,3.443544759124519
1623,1.2355087959887676
1625,1.9477244774965665
1626,1.5144573373287835
1627,1.4666246668452916
1628,0.05917714566001031
1630,2.26793468090201
1633,3.217247173523379
1634,1.3368744188882264
1635,2.1163696566349177
1636,3.718837006632149
1638,2.6283138805132755
1639,1.9939984174567373
1640,1.514570096385388
1641,0.9638445603105807
1642,1.4259539680730136
1643,2.0059882637176427
1644,1.5436028489089175
1645,3.003612755489349
1646,1.1505729567746394
1647,1.8769588976762968
1649,1.563880106589073
1650,2.7995285654272406
1651,1.0067649159261316
1652,2.0469225054715388
1654,2.944070344359741
1655,1.549062875045064
1656,2.274863358732378
1657,2.1623289116676423
1658,2.8791615583819734
1659,1.101090161332476
1660,1.123203037457074
1661,1.5273953588429667
1662,2.2975570377415924
1663,1.9743942118421518
1664,2.1584779199279693
1665,1.619399751931983
1669,1.414413105245431
1670,1.078613138169323
1671,4.148912895248464
1673,2.2413108793408285
1674,-0.211143997694482
1675,2.13896864264767
1676,1.9002226932792203
1677,1.207410164788273
1680,0.8088376755735545
1681,1.0374520458108665
1682,1.8712741495515126
1683,0.8617362464113694
1684,1.279286885437787
1685,1.5825062514677002
1686,1.5813325284777744
1687,1.3525256484767125
1690,2.782311415945058
1692,3.8650635106750064
1693,2.6921366595625775
1694,0.878629552710162
1695,2.504921771453452
1697,1.6301316570858753
1698,1.5797494104103056
1701,1.6599859898089
1702,0.4634849676223003
1703,1.56277823437316
1704,2.4774577727027585
1705,2.6179685202561753
1707,1.2758233380713835
1708,2.7989807820935737
1709,-0.03625686872947054
1710,1.8288501350266528
1711,1.1611855505054751
1712,1.6972755152614998
1713,2.8630211033387294
1715,3.6220860038767446
1717,2.5727307768934367
1719,2.1536441377699806
1720,2.6364513025541054
1721,1.45666728896428
1722,1.3929711802752764
1724,0.017264625118214694
1725,1.1091390128535752
1727,1.5369563667092867
1728,4.079068749954651
1729,1.4926101807150156
1730,2.178456341433861
1731,0.9539565818169634
1733,3.434843915231048
1734,2.463064837015654
1735,0.10764434302094839
1736,2.6471890838337693
1737,3.547419673449575
1739,0.4525023223341392
1740,1.967159782063343
1742,1.9561430985574622
1745,0.04776309996729311
1746,2.8116314421746105
1748,2.8952022606360055
1750,2.1883013726172393
1751,1.4774406567290876
1752,3.860341553931664
1753,2.4545783343358063
1754,2.3362003943854943
1755,-0.16028842167071494
1758,1.3553120240594556
1759,2.1463866061255468
1760,0.7884920083263557
1761,0.8543749120534401
1762,1.8977075810588269
1763,2.8711413118964453
1764,0.5564298314518258
1765,1.235824183326094
1766,1.1112706994862829
1767,1.584676145482285
1769,0.6919875578434456
1771,1.8873780435857193
1773,1.298837194746029
1774,1.8139762906697794
1775,1.8975603575500084
1776,1.6174862818549873
1777,-0.1506537369255912
1778,2.447697178095055
1779,-0.25790663678718084
1783,2.7520118983109083
1784,0.41028783923859324
1785,1.172093450529378
1786,1.724400660338575
1787,1.3373861807432563
1788,2.3179667210873673
1789,2.370037777615894
1790,1.5124261381038995
1791,1.1009096820156699
1793,2.6990840134915146
1795,2.443689089228759
1797,3.1520968834772547
1798,0.6820202937724954
1799,1.40509998377989
1800,0.9777615410585481
1801,1.4106333261489863
1802,2.023448657524829
1803,0.8539207352178566
1804,2.7126322570211485
1805,1.4279971144049277
1806,1.9230605516465307
1807,2.8189270404797506
1808,1.1782396306051974
1810,2.3224599601151374
1811,2.0301238197018217
1814,1.8506880851425898
1815,1.7826793740504987
1818,0.8933987682034004
1819,2.03656049448589
1820,0.11479745564228216
1821,2.5898700006713775
1823,0.2549497902566429
1824,3.2842480887944534
1825,2.2985669045650297
1826,1.4779975490706017
1827,3.8080650869319497
1828,1.9702735586019955
1829,0.6643488364282775
1831,3.2463890570418776
1832,1.3928476731686765
1833,1.3099930107268363
1836,0.8051438876306524
1837,2.179371350829493
1838,2.6776925250389563
1839,1.4686619297008758
1843,-0.01916248043031299
1844,0.35542489741720074
1845,0.1260422524632802
1847,1.0398059868745477
1848,1.855926882287854
1849,1.016991691365493
1850,-0.36660624247300894
1851,1.804124424808148
1853,0.6351838499722059
1854,3.0859708816701845
1855,2.2793627611288665
1856,1.0431941883764613
1857,1.2056895117945508
1858,-0.05990694425204168
1861,1.7942460210196551
1862,0.76636510884506
1863,0.7434726658816457
1864,0.3421301063499935
1865,2.817855346187402
1866,1.4132318915236228
1868,1.5992515714388051
1870,3.126010983225802
1871,2.6129901454271605
1872,0.9465157416671455
1874,1.6223959964559076
1875,2.711048738203483
1876,4.626526714136382
1878,1.1747761485630663
1879,1.5532467451721141
1880,2.767279883966812
1881,2.359719842532486
1883,2.271887811673845
1884,0.10859078744621231
1886,1.511172258224705
1888,1.577751632919353
1889,3.523227704184932
1890,3.094648197483351
1891,1.6599376544747177
1893,1.6968228699948247
1897,0.37950076684105016
1898,3.2060465099334947
1899,3.3756836706866507
1902,2.9709102329738037
1903,1.2058220093569898
1904,-0.730301620736984
1907,0.541077786794407
1908,-0.5095939196768999
1910,1.2795847482817253
1912,-0.8905162188868531
1914,-0.5160544102388449
1915,0.9204188182649202
1916,2.245656073334265
1917,1.2273648429587063
1918,1.139405994482654
1919,3.0753561328042855
1920,2.9705987238779605
1923,1.5649529417161938
1927,1.9731101958018034
1928,1.3539337623698597
1929,2.670256448781019
1930,1.8391585557835302
1931,1.877088249229162
1933,2.339997151578098
1934,-0.010294132349900342
1935,1.9191347106729733
1936,1.8555267741498755
1937,2.3574892576547612
1941,1.6190936159298712
1942,0.6198006851665371
1945,1.8530892108517336
1946,0.8017225691928476
1949,1.372720769744542
1952,3.5568638426937764
1953,3.6941607586550953
1957,2.3821827441109265
1958,2.599877839708158
1959,1.6185249316642771
1960,3.638353562590304
1961,2.878158877794695
1963,2.0843198993181957
1964,3.081825597639015
1965,0.6049763537874528
1968,0.07518232937538571
1971,1.619130154513711
1972,0.44415847111012374
1973,1.8469076547439416
1974,0.6354095357812449
1976,0.38131150122265645
1977,2.841615513957353
1978,1.2848399527768373
1979,2.3606633890068314
1980,1.7579178445420216
1981,2.8392408908502116
1982,1.191668552744686
1984,1.9201782594877397
1988,3.153563801943629
1989,1.315358406421548
1990,1.072664732949392
1992,0.8780430169717726
1993,1.9595240689771196
1995,-0.40111706056332647
1996,2.8497364501485465
1999,1.4595412066513112
2000,1.9285275315073007
2001,1.9215462328635373
2003,1.5938159178892348
2004,3.5135919319481053
2005,1.220885312882195
2007,1.3136171410164796
2009,2.9087534425911366
2010,1.2027844063894648
2011,1.3074490528088494
2013,1.6081119548647793
2014,1.4908778952990012
2015,0.6874012414391744
2016,1.94590656483748
2017,1.6825283233197117
2018,1.0144140384474407
2019,0.3944199165670559
2020,0.5177151526223058
2022,2.84196065307849
2023,3.0752504398351532
2024,2.695349322806249
2025,0.04216944013015356
2026,3.0207666483979496
2027,2.0841160931971006
2029,1.092570470822323
2030,1.4004716214531279
2031,1.9506127050308824
2032,1.4211954610636026
2033,2.214143778206873
2036,1.5278844034331307
2037,1.5242701775427066
2038,1.6200092933866586
2039,1.733423166083799
2040,1.871562411229271
2041,1.6916877368726149
2044,0.5586172193454677
2046,1.9990671614165865
2048,2.3490470762195828
2050,1.7084946371628058
2053,4.330702523699927
2055,2.6653746636722757
2056,0.8836901719562975
2057,2.544600604291591
2058,1.6043256767644025
2060,0.9080463530821185
2061,2.874275351008733
2064,1.5227143186521115
2065,2.5823594687730558
2066,1.6682252232342316
2067,2.282089368016221
2069,2.2442103676351275
2071,0.8222267120259478
2072,2.5494814743240015
2073,2.3893150429631915
2074,0.8721497975990794
2076,2.5650616183233206
2077,1.360051145850596
2078,1.2379048792634544
2079,-0.011826874725198527
2080,1.8288224903280252
2081,1.3267805900263245
2083,1.5071507971495635
2085,1.415416842666395
2086,1.9901107080679352
2087,1.4115414320428359
2088,0.8460466294816774
2090,2.5328118543082025
2091,-0.5001230814311575
2092,1.0842509915334957
2094,1.8415742284118601
2095,2.5513363805249747
2099,0.6142606409858041
2101,0.8427811504512198
2102,-0.31428790401658313
2103,3.0803223331654146
2105,0.8542525095579178
2106,1.8490917034622152
2107,1.811094802160303
2108,2.8935329329795705
2109,0.03208996598589403
2110,1.2401610344568499
2112,2.127928850550415
2113,2.9828264714424604
2114,1.4223617639824866
2115,2.0795204754296828
2116,0.16477696205129644
2117,2.1471180311461078
2120,0.8438213445654823
2121,0.7846282719101856
2122,0.9732529465419674
2123,1.4541023669451936
2124,1.8230633707379311
2125,1.8257259184349413
2126,2.94586903561314
2127,2.9537857460505452
2128,3.1843581027352448
2130,1.42714754193562
2131,1.532977420199884
2132,1.6718328738781958
2133,2.178594804826109
2135,2.95170537731858
2136,3.7191458919546454
2137,3.8043558242088347
2139,2.397037083099493
2140,2.0089031059704077
2141,1.1637714453060584
2142,3.881188212000754
2143,0.006776626922579965
2145,2.719581655648942
2147,2.140872132995863
2148,1.2913709998540572
2149,0.5378193815147044
2150,0.7780854467175241
2151,2.808272491245855
2152,0.8525037063332457
2153,3.11603917099615
2154,0.7793152801340235
2155,0.4647529829295469
2156,1.2826352123424223
2157,2.7690177420148823
2159,1.3766329908148662
2160,1.6986948547521372
2161,2.992532112549147
2162,1.324276616806374
2163,1.4402826762630159
2164,1.2831023657668992
2165,2.3118838262936863
2166,2.229758658979418
2167,1.8909632263701825
2168,1.6775539694989163
2171,3.1127861493005
2172,1.332397919022847
2179,1.2927108079916905
2181,0.3578916950986609
2182,2.555441839378533
2183,0.7710738974467177
2184,2.0441311393449326
2185,1.3792813826009847
2186,1.7581492363348827
2187,3.468084250528851
2191,0.8160738487333812
2192,1.3605757779792917
2193,1.7266999456429626
2194,3.233128934161691
2195,2.290954024503554
2197,2.296656976139481
2199,1.1170169202005071
2201,0.49603046629432573
2203,1.6052520244042254
2207,1.5966813471235055
2209,1.4070820298409883
2211,1.6289968952097098
2213,0.5251157660537342
2217,0.7780626476051015
2219,2.465203851571154
2221,2.3701513189094303
2223,1.0470850210160312
2225,0.6845092834963677
2227,1.4804859764066167
2229,2.427036155642074
2231,1.4794730808267362
2239,2.1103140729548984
2241,2.1890810534767553
2243,1.0931734671865154
2245,1.9408405428914228
2247,4.869948687487078
2249,2.6995703721888895
2253,1.517236541042391
2255,1.1751383938527125
2259,0.3567516703389589
2263,0.3344007179823907
2269,0.5925682224180753
2273,0.8934464344160438
2277,3.3272580277091635
2279,2.6911070609010217
2281,1.6933948437410464
2285,2.7413515547775704
2287,2.332198955874783
2289,2.6740954171214724
2297,2.2138532782249483
2301,1.6799540485954148
2303,0.3591758946854966
2305,2.578124479405324
2311,2.731625676987611
2315,1.2255559336042818
2317,2.9835105770165837
2323,1.840397765350198
2325,0.02073859950100576
2327,2.1535056659991247
2329,1.8531161102779012
2333,1.882231762683701
