3287
828
2521
1571
522
1198
647
3710
3470
3432
938
1999
747
159
1123
4619
4256
4694
2023
3441
1231
4215
2242
4091
3812
2669
2714
2901
1207
4718
1612
4944
525
466
4077
867
4101
2930
4221
2693
387
339
1733
4577
3779
4298
4134
1760
4338
150
2204
3931
2615
547
4586
1738
3109
492
1881
3920
4617
3537
99
659
3692
2086
2720
840
1831
257
2041
4781
3111
2227
2285
1191
2489
4468
675
3580
1493
1196
1738
2462
1298
2597
3225
2704
4235
1843
1432
1032
4177
4863
3020
4621
519
1172
628
3703
2515
2774
1610
3588
3002
716
2193
4914
4967
2715
2827
3143
4474
680
3051
2746
3753
632
3781
3408
4019
4744
4641
3603
658
1791
3610
1874
921
4418
2041
3666
4354
1021
987
3934
2210
77
2919
1329
1696
3244
2330
4786
4917
2369
4563
3742
105
4720
4417
3588
2873
4691
1579
1995
751
4187
2704
2605
4648
197
3213
4568
731
2986
2589
992
3062
4078
4897
3246
3835
2661
3819
3049
2574
767
412
3312
658
4737
1286
4668
3116
604
1899
1057
1384
723
2186
3067
1815
570
3877
4066
475
4491
2476
1309
1542
4080
3813
4422
883
1105
4333
3962
3403
2502
236
2794
1828
2498
3967
1264
3209
376
2036
1076
2058
83
4031
3978
3847
3559
3329
903
71
1147
2206
2625
1761
2246
2442
4038
297
2059
1426
4930
2767
4980
4607
3410
3627
4833
3389
4707
3520
2799
4718
