3131
3792
1419
4753
3891
690
3881
1687
853
4550
512
4387
1514
4488
1570
3644
1268
3360
1991
4939
4123
3579
821
863
41
1459
4039
3966
4571
4033
3397
2769
3573
450
2501
4404
4184
2006
1360
3979
1504
133
1212
3695
4565
251
254
3685
1730
4246
4273
1178
35
1198
3815
1023
2291
4693
2073
4576
4434
2903
2054
1284
2735
1574
4617
4828
704
3822
3070
2988
417
4421
1600
2915
4540
3049
1558
3944
2950
3483
257
4106
3530
115
4886
3226
4173
2899
280
3719
442
1115
2416
3046
4701
3761
2030
2736
4285
998
2434
3661
4714
2346
169
1656
1219
3389
3267
3079
1631
3069
831
1758
3785
3083
4140
296
1167
1480
2888
3041
4847
1598
3816
4113
4461
1278
4436
14
944
4632
1679
177
603
2607
2271
3747
3776
2440
2406
1670
927
173
79
4006
3384
3602
3913
1195
1034
3748
3924
3096
1890
3439
3574
805
1484
2530
3434
2332
5008
1192
3635
363
1470
4744
2232
982
4428
473
3450
1211
131
635
1797
492
496
280
2639
2180
1337
4237
3971
4509
4527
4418
4044
1212
1599
2945
4305
820
1155
921
29
1902
3447
543
1436
1683
2010
1934
4114
58
4794
1776
304
908
1323
4453
2093
3573
3509
3007
2669
1531
1716
419
4358
2573
1015
1127
3113
1472
387
4598
3324
561
1818
3392
4172
1943
2803
164
1766
2034
4661
586
4210
2431
1298
3795
714
1342
1843
3990
2527
