ID,y
1001,3.2514061713868974
1002,2.583478784471403
1003,1.9761378969018455
1004,1.9617901483745004
1006,0.723319096975685
1007,0.4257308068275901
1011,0.21453022808702316
1012,0.19376529641441997
1013,1.175301882816047
1015,0.2974819696337492
1018,0.1730827250944742
1019,1.1608675285820387
1020,0.17585471255660123
1021,0.5017333752177798
1022,1.3010680650181492
1023,0.27006462553844235
1024,1.3871002825252372
1025,-0.34470410547368957
1026,0.6415799775367101
1027,0.08688089265737431
1028,0.4354747379422925
1029,0.9732523381766567
1030,1.8929820899119911
1032,3.4533936631671653
1033,0.5193837318235731
1034,1.5004280616368728
1035,1.151338820950815
1036,-0.9652848416998531
1037,0.8814870427368313
1038,-1.3754354976423864
1039,0.28614487713574593
1040,0.1434824556202245
1041,-0.08185436971261573
1042,0.44758135541645616
1043,2.7505678702567296
1044,1.5763352730134654
1045,0.7572594245095533
1046,1.867959480491368
1047,2.567267140918298
1048,1.1089688681459178
1049,1.5832018062694233
1050,2.0749430582899637
1051,1.5869815873019144
1052,2.200706962206866
1053,1.4164750975386529
1054,1.5441229657912148
1055,-0.1877417451498264
1056,-0.7250854635546944
1057,0.6320046119326524
1058,-1.3425058825955645
1059,0.4674395512600932
1060,1.8097441569714459
1061,-0.5251745289013215
1062,0.6217490167774485
1063,-0.2470567467357039
1064,0.7834056337123549
1066,0.40870716251413675
1067,1.6077755498264008
1068,-0.14332621465111456
1069,1.4652259552978362
1071,0.15525720973855295
1072,0.5566520300883139
1073,1.2225980101169671
1074,-1.2801654777041918
1075,1.2358323184004587
1076,0.677802654511218
1077,0.9224748126328622
1078,2.5369206424307356
1079,2.3637519810132455
1080,1.4860167908713438
1082,0.7560367499918882
1083,-1.940995855861015
1084,0.5532590494509456
1085,2.2458436462418154
1086,1.763538887131208
1087,0.5594486401096204
1088,1.404376249705087
1089,1.3520695304918695
1090,1.6895172684829403
1091,0.6899035955593613
1092,1.186824958973162
1093,-0.17057935823364168
1094,1.6657984818240839
1095,1.5756264854736097
1096,1.1385524622926018
1097,-0.37604755009758795
1098,1.9613476994652888
1099,1.2315280420263344
1100,0.5526929747381181
1101,1.3070589275205133
1103,1.2881315359026215
1104,3.715943879514419
1105,1.6937635163036397
1107,1.1411995301312259
1108,0.2984611586181347
1109,0.05161307273979393
1110,1.3896779302377047
1111,-0.08525788879862617
1112,-0.46239983592028033
1113,2.083112851095084
1114,0.1936629885412543
1115,-0.8177615269502285
1116,0.7141449998766768
1117,-0.19926389714532933
1118,-0.3338442325216675
1119,1.5922216312203576
1120,1.7099123339923226
1121,2.211967671881135
1122,-0.4211194073266922
1123,0.6462667325562612
1124,0.5840990164945913
1125,1.1153815664730498
1126,1.5988853877489333
1128,1.7936721612872908
1130,1.8287416096866655
1131,0.5627434690191415
1133,1.3928862189881537
1134,0.5358777028095552
1135,0.41954427022469315
1136,0.7596138171199844
1137,0.3104707816259702
1138,0.7233602816573481
1139,1.2452603625958167
1140,0.016859125363431066
1141,2.49444980638751
1142,0.9678825863783316
1143,1.5370172048719541
1144,1.167169326731483
1145,-0.5552599741462817
1146,1.3704579334591864
1147,0.24969958154975302
1148,-0.3066648128612258
1149,0.5117991727762113
1150,1.7593022361018575
1151,1.6172887646928311
1152,0.2723783619898077
1153,0.03585962562519694
1154,1.5602585855597844
1155,-0.25700887478305523
1156,1.5354739736891843
1157,1.3417897798174854
1158,1.838138091900463
1159,-1.684414467430011
1160,-1.0276471766077513
1161,0.20208672514366355
1162,0.5133387676176532
1163,0.2106502768102656
1164,0.6746876123163432
1166,0.8259343024174517
1167,2.331719371226014
1168,1.5336958660087672
1169,1.1238329607274458
1170,-1.1714613548304424
1173,0.35253106771898796
1175,1.9703151583004879
1176,2.934821153705414
1177,1.3882000713902287
1179,1.4547101602387777
1181,2.821471310568458
1182,1.1683143430149379
1184,1.2393834515536504
1185,0.46045388987567426
1186,1.2689835795075375
1188,1.2898376133236702
1189,1.3996117766515073
1190,-0.41799370472525377
1191,0.303729906068683
1192,-0.37586448307796827
1193,-0.17522149509254725
1194,-0.2727587551104593
1195,0.31921042360833185
1196,0.9633581966658051
1197,2.5530633374031635
1199,0.54762113547297
1201,1.4605384776160981
1202,1.6230559579161632
1203,-0.291160223171946
1205,-1.2264706340040972
1206,1.189073625711605
1207,-0.3103334684523218
1208,3.4625606558507402
1209,-0.4582036291339528
1210,0.8486426646172047
1211,1.46504971849895
1212,1.724940056374186
1214,1.9319425593263873
1216,1.3451818184725328
1218,0.6278036037850945
1220,2.065989160396958
1221,0.6746384643385498
1222,2.545709822254528
1223,2.290370385303474
1224,2.670604051987323
1225,2.3334951236136035
1226,1.0860846724889293
1227,-2.75009749917706
1228,0.9802843614016981
1229,-0.1916629729288335
1232,1.639038638717333
1233,0.28030637744054987
1234,0.6705848404384693
1235,1.2554302551189096
1236,1.0829458071903204
1237,0.5672252517100331
1239,1.3805812283371983
1240,2.514676639084518
1241,1.9972253790937387
1242,2.2631891986874924
1244,0.7903247899585653
1245,1.6810502836385848
1246,0.8644180064915679
1247,0.864641189463354
1248,2.1252295380077655
1252,1.3008356881299485
1253,0.21301726043367886
1255,0.3310539742651558
1257,0.17609537388533852
1258,0.5803530906225355
1259,1.8087510942168326
1260,1.6141388670344676
1261,-0.5076283282507544
1262,0.4381822658473369
1264,0.6783991762907139
1265,2.1505750520695974
1266,-0.46209829521082224
1267,0.2730061598281909
1270,0.07454336058738698
1271,0.3793267262207203
1272,-0.04495170123876535
1274,1.120047241900831
1275,0.5072561708519191
1276,2.2186919021167677
1277,1.737182097621983
1278,1.3693872716629667
1279,1.3880102965931584
1280,2.444242675897526
1281,-0.09721774671870254
1282,1.2923515224520197
1283,0.35455918956181
1284,-1.7295667755853672
1285,1.228097855644298
1286,-2.0352821673841976
1287,1.8016834134653898
1288,0.5151601045629213
1290,0.32136824986898094
1291,0.2845785146285864
1292,1.8229359422404503
1293,1.4571304516823191
1294,2.89007043890768
1295,1.205006073709455
1296,0.6987941848905014
1297,0.626409818248448
1299,-0.05058375395447412
1300,1.8186066305199602
1301,0.39385354361181735
1302,0.2950713709474415
1303,0.4757439783135767
1304,0.537226184720135
1306,0.828345909186188
1307,1.8994186665072221
1308,2.488221302378043
1309,0.5352936167305509
1310,0.8332784055287634
1311,2.451445458499742
1312,1.2684963886350875
1313,2.1530663042134064
1314,0.9770776180518088
1315,3.221083311814056
1316,0.508466619186404
1317,4.055311084406416
1319,0.9027692027755362
1320,-1.0911143157389254
1321,-0.25819777658902027
1322,1.4128653783875351
1324,0.4240152011569783
1325,3.0934467784647355
1326,2.6808825670405545
1327,0.37549854026993645
1328,1.1671403722936382
1329,2.4087758006726743
1331,0.2365692036039277
1334,1.2360918597682289
1335,-0.011739478509987356
1337,1.5751595675143255
1338,1.6807548296263222
1339,1.2839084503850964
1342,1.5656177774143463
1343,1.4238205891581204
1344,1.9312918120154312
1345,1.5113832086716832
1346,2.3080120978300753
1347,1.1413199393337958
1350,1.4164645026992877
1354,1.0408327598042402
1356,1.8753391499548546
1359,0.04485455550098416
1360,0.5967559394252634
1362,1.232257608958814
1363,1.382175383168504
1364,0.7766809524434846
1365,1.9548110624853585
1366,3.040914103152968
1367,1.6538334627039746
1368,1.1123531208610578
1369,0.9264567672252603
1372,0.4576439362947919
1373,0.1912576927379641
1374,-0.8128892469544325
1377,1.2363825749354733
1380,2.0911206153538693
1381,-0.3485327151121114
1382,0.7967816738477916
1383,2.8310840931221217
1384,3.2714732593315747
1385,0.7572563159840342
1386,3.662035598060421
1388,1.7003811246078966
1390,1.484607537596866
1391,2.117386549114262
1392,2.1743782041416817
1400,-0.9385567106367021
1401,0.24066289233242882
1402,1.160135078083984
1404,0.44850932582923075
1405,-0.37653953145575714
1406,0.9273932721997193
1407,0.459570621550875
1409,0.03654436849767817
1411,-0.1953384259684482
1414,0.3926656943793818
1417,0.21053922365366695
1420,0.6341163565524149
1422,1.5438471154734472
1423,0.8824520803264699
1424,-2.0069288541009858
1425,1.4922697119465653
1426,2.7518372377676434
1427,-0.4934684628673109
1428,1.6350203937774583
1429,0.6570305087999779
1431,1.1128361311420105
1434,0.7318031465655169
1435,0.5948053983364575
1436,0.6588340550222755
1437,1.3349041521818785
1438,-0.4578564133866493
1439,-0.3794654525282714
1441,0.838990561195592
1442,1.1698442106889528
1443,-0.028662229923867244
1444,0.3354690971996782
1445,3.057476561738544
1446,0.163729691357689
1448,1.0877819308433794
1449,2.3920605768844334
1450,2.376052335705422
1451,1.9453382586765955
1452,0.43578308632534823
1453,0.8133330596093001
1454,0.4354774958143438
1455,1.0631334826847265
1456,2.7439800907619123
1457,2.724488615875811
1458,0.9216084233989938
1459,-0.6151659393140452
1460,1.0783354716514604
1462,0.4187250128859307
1465,0.04301789745629292
1466,-1.2857057525869038
1467,1.292907153930963
1468,0.011467264770298469
1469,1.5072988469056996
1471,1.5657566906007176
1473,-1.8178855982330122
1474,1.8398266789889024
1475,-1.483514233000163
1476,1.1930122103912828
1477,0.338620440152539
1478,1.0561453993110497
1479,0.5181368981911815
1480,1.1601840773009602
1481,-0.2530847197959003
1482,0.7889523945094203
1483,1.1316231870796765
1484,-2.0343949752265305
1485,0.8837583447679709
1486,-0.47473550245428353
1489,0.5398283318349011
1491,-1.1976624566424738
1494,1.7569088602756873
1495,-1.4836699667364688
1496,0.6507149502150433
1497,0.9963034463876643
1498,0.31755612753168877
1499,0.5870094155812875
1501,1.4158104297060323
1502,2.1441065712736957
1503,2.0300010017204753
1504,1.3680548164828232
1505,-0.08624088937095822
1506,1.1130632895767696
1507,0.8014929620087337
1509,-0.16922604843647182
1510,2.1787029363583312
1511,1.4957905605821609
1512,0.46946068161010923
1513,1.0139200430802464
1517,0.4799341033507889
1518,0.27280167306278347
1519,-0.04017388569511526
1520,1.7773373909678312
1521,1.2844458787570276
1522,-0.9536326008406961
1523,1.0806470368161738
1524,0.05184403670942895
1525,2.244559143351279
1527,0.730083627545433
1528,1.4343575909549018
1529,2.1010411880406945
1531,2.035602274684829
1532,-0.9708128130454412
1533,2.5330231534909213
1534,1.0582176345572742
1536,-1.1702161283278187
1537,-0.2618927446070094
1538,0.5367054061642336
1542,-0.045820087385217034
1543,0.16322043932090902
1544,1.7507632040657004
1546,0.9144346856822178
1547,0.005090655044068582
1549,-0.6927636865825845
1552,1.433203244648848
1554,0.9435138956811548
1558,1.6587171846149258
1561,0.2590053955229883
1563,1.183061682327553
1564,0.3637093226059872
1565,1.9127470368846597
1566,1.3786212780184335
1567,1.3049220614074322
1568,1.2181504372000613
1570,0.7274343675945252
1574,-1.0950558052682509
1578,1.674776632378024
1579,1.1084825498890545
1580,0.6160532734141172
1581,0.5830601172988134
1582,1.5292724515767877
1588,1.5517536857739043
1589,0.9585964233769406
1590,0.9273231985478014
1591,1.156944590594979
1592,0.6693247361290131
1593,1.8680704917790303
1594,1.4488270913867656
1596,0.05569289142900091
1597,0.9339311580706599
1599,2.773432989698254
1604,1.813959636073618
1606,0.7909210883907375
1607,1.6500127716064248
1608,1.9486836232024618
1610,2.8027972607132643
1613,2.1914108437707682
1614,0.33369131097648125
1615,2.6304536921472463
1618,0.8587536996026249
1619,2.0764686705652635
1620,-0.9446544618846899
1623,-0.4884956924212702
1625,1.7891534031007645
1626,1.0374410752551457
1627,0.004150857565061283
1628,1.014815425568584
1630,-0.6293834467839408
1633,2.1435989453476467
1634,1.3912474133420751
1635,1.6845331487460946
1636,1.489948602757171
1638,1.776159563195552
1639,1.5583695287465578
1640,0.002763661969714337
1641,-0.884049619946208
1642,0.9600339194228367
1643,-0.07361793154139235
1644,0.8989134685961129
1645,-0.9639867148508223
1646,0.43934271856419266
1647,0.18121610677416983
1649,1.9210481271439777
1650,3.0227951795011867
1651,0.8616535712891531
1652,0.4670479361285123
1654,1.5706988281650593
1655,0.36965559126538416
1656,0.9831026062973836
1657,0.9060711284496896
1658,0.012563594896748742
1659,1.292754404068325
1660,0.2739532948935275
1661,0.7671909220030317
1662,0.592098214763713
1663,1.6503901640696563
1664,1.8776902279748533
1665,0.035681044904079084
1669,0.3541468609431171
1670,1.4817371645248572
1671,1.989809478281088
1673,0.5612691206444277
1674,-0.1454450133283829
1675,-0.9306957020984301
1676,1.0294829805961938
1677,0.8314904863474504
1680,0.42985125801143687
1681,-0.3530030212587704
1682,1.1143398256382064
1683,0.4796911110678561
1684,1.1490021697924844
1685,0.6940579215722005
1686,2.121473600439053
1687,-0.29731103006626997
1690,2.3190964804216363
1692,1.8421863860846317
1693,-0.519894161182488
1694,-0.11183569969046658
1695,0.9469799323598386
1697,0.6614388429170753
1698,0.6880601047786599
1701,0.5490851486785256
1702,0.3943884289759385
1703,0.7407845606628276
1704,1.449744560516817
1705,0.5327071957626883
1707,0.6324961925232834
1708,1.083262358436597
1709,1.9317054317476483
1710,1.6709407385151254
1711,-0.28564866065863104
1712,1.9444700338500995
1713,2.174820212703336
1715,2.799030229739974
1717,1.5987002015575698
1719,0.39705668403178473
1720,1.5053791918953396
1721,0.7632359821115312
1722,0.8123165599930668
1724,1.0342520530434824
1725,1.2757251980758153
1727,0.6643989530726474
1728,-0.17565272232784124
1729,-0.25545342686674366
1730,1.4522821237885113
1731,0.8428480945560106
1733,0.34631725248337225
1734,0.7900605382894392
1735,0.691874004564025
1736,1.6833432303585658
1737,2.7611895608764696
1739,1.0212431588841488
1740,-0.26857192407134567
1742,0.6857463129419503
1745,3.0836191586671404
1746,-0.023400529246026647
1748,-0.9493052901187938
1750,0.2771513223149598
1751,1.935573449380346
1752,2.0816199471020753
1753,0.8188785355341865
1754,0.8760242946044706
1755,0.8192128711862383
1758,0.33327238614431465
1759,2.609116232212474
1760,0.7895612742163414
1761,1.673092285091224
1762,-1.120999135821983
1763,2.3747245762204034
1764,0.1597117638700663
1765,1.0292853631314598
1766,-1.2263895401645135
1767,0.38665725432132936
1769,1.02102812206626
1771,0.5518469035020771
1773,0.41709012265487705
1774,0.26955020757323833
1775,-0.04819169223914277
1776,1.7953197016710685
1777,0.7383423945483605
1778,2.1642651418370673
1779,0.07183787607257894
1783,0.921206701512255
1784,-0.45822447145243783
1785,1.0033470100007498
1786,-0.9166945772412778
1787,1.1278314154415565
1788,0.4902965794996459
1789,0.6681392437411755
1790,1.5086032536563294
1791,0.7727129817431201
1793,0.4314788805166462
1795,1.2588863207114185
1797,1.5297327736730912
1798,1.8836437797096213
1799,3.669408269701785
1800,2.1274817680001874
1801,2.2925575960067857
1802,0.3025026451661952
1803,0.7164481571556663
1804,1.3868804722166137
1805,0.7413902341533284
1806,-0.12782130117943913
1807,-1.1447175315538165
1808,1.4356826781146041
1810,2.1545517023133645
1811,-0.5019728138850569
1814,0.45573126617962656
1815,-0.12378563352792538
1818,-0.15197528877807898
1819,0.11158075214606933
1820,0.9447928398072662
1821,-0.08600172537396827
1823,0.4806417031739506
1824,-0.42534168026030494
1825,0.03268910044941853
1826,1.382923128089769
1827,-1.5265966253248016
1828,-0.32863831009182537
1829,0.27045274094296834
1831,2.5201592824819308
1832,0.36206232454012643
1833,2.0719236018702123
1836,1.0369315167000974
1837,0.28182674594549245
1838,0.1470168630226979
1839,0.9295693254203672
1843,-0.13594773537029262
1844,-0.9795544444013013
1845,-0.14425401130760113
1847,1.7666891533152578
1848,0.41753857500346847
1849,-0.13218661801294307
1850,1.1550601687485813
1851,1.487072495613341
1853,-1.1397319796959686
1854,2.133953286313277
1855,-0.30409499898454184
1856,2.2577391513402914
1857,2.1791439000788353
1858,1.3976351518309702
1861,-0.38951521265508665
1862,1.9390085835979098
1863,-1.6524948565367945
1864,0.017843765477108642
1865,1.7106180827787645
1866,0.8411585099909059
1868,0.5215766850968586
1870,-0.04900188894710633
1871,1.4051666501247801
1872,1.1796777858537308
1874,1.5795490268497892
1875,0.5824207942939273
1876,1.797759950150712
1878,0.11775956896748535
1879,1.5852102503554708
1880,1.1495045425183381
1881,-0.03236481098254969
1883,1.2324034945741886
1884,-0.5786861135016834
1886,1.345441385657931
1888,2.246138006662601
1889,2.6339094281090185
1890,0.631519770999323
1891,-0.3056391164006126
1893,1.056421282861775
1897,1.5651547879157874
1898,-0.2720852373521059
1899,-0.2858615796553488
1902,0.9206322430539077
1903,-0.49648625207385044
1904,2.1010633209720586
1907,2.511999922646303
1908,1.5242855429449547
1910,0.45821190260185474
1912,3.213247656295086
1914,2.1500540173832814
1915,0.7901188304285506
1916,1.0918625536820639
1917,0.6348766885982635
1918,-0.3537776220240565
1919,1.59550265237674
1920,2.2895747877710395
1923,0.5181418599071389
1927,1.2231042521780693
1928,-0.9216012211762803
1929,1.3413639297290558
1930,1.3764474531370554
1931,0.18914409422220724
1933,1.8739752388053805
1934,0.8151434105978894
1935,0.9722923718316199
1936,1.5531416824041862
1937,-1.4212242313062569
1941,2.42622913883325
1942,0.8712210879352773
1945,3.0607111523947914
1946,1.8127123475129816
1949,0.9370798355215414
1952,-0.020999994166834235
1953,0.844727155325627
1957,0.9861801577588885
1958,0.39619807867332457
1959,1.4075423357256835
1960,1.3999417193203298
1961,0.8107910367698996
1963,0.45958996627824167
1964,1.2949062012420096
1965,1.0458324470183349
1968,0.5612411108429808
1971,-0.001892853842610398
1972,0.9522226070432533
1973,2.7826430656501415
1974,2.1241002898368544
1976,1.1702594975619243
1977,2.3354339534520174
1978,1.6270670196408479
1979,1.4901845900280435
1980,1.8942054535022708
1981,-0.02822931849911403
1982,1.2307141035229896
1984,2.936825932299274
1988,2.0489516516639243
1989,1.4919080114492085
1990,0.23787417613447215
1992,-0.1907568504013587
1993,1.901900598410927
1995,2.0150416652196297
1996,2.902228849361402
1999,-0.8984821378237828
2000,0.18630235540632933
2001,1.1269053834861493
2003,0.915503745218575
2004,1.8273300763167866
2005,0.6702474900852805
2007,-0.8345952524382725
2009,-0.4063642811902376
2010,0.9361874987407749
2011,0.6108728127398189
2013,1.9777464138594993
2014,1.3287274698621248
2015,2.5971172376979395
2016,0.2489015594347142
2017,2.0376713649177463
2018,0.5650030896596873
2019,1.06956530123116
2020,0.3117265235077187
2022,0.9091478347211175
2023,0.8097879721848127
2024,0.4654580389002897
2025,1.7669277084158823
2026,-0.3934901466494379
2027,0.0640288137372686
2029,1.2791401613607163
2030,0.39805470711406044
2031,0.2575059127836268
2032,-0.029641379967112857
2033,-0.41865168904698663
2036,1.3208761060804304
2037,-0.11696291053345753
2038,-1.3137296790107806
2039,2.562289786292592
2040,0.9049846329944832
2041,0.38018360052538414
2044,0.257170416041709
2046,0.6180311111748633
2048,2.789437338105798
2050,-0.36701127147928525
2053,0.29303308690236524
2055,0.47563701768245553
2056,-0.2809737749346272
2057,0.37365147576835467
2058,0.6398605408628526
2060,0.16014534163931232
2061,0.5818838142971668
2064,0.22150221339220255
2065,0.905829938750479
2066,-0.3564775116237762
2067,2.454187789995262
2069,-0.1096007162922219
2071,-0.2196075229472132
2072,2.5598280056797913
2073,0.5052433303320287
2074,-0.10495977502083553
2076,1.3035884372971536
2077,0.5937860525108964
2078,-0.923100903832685
2079,-1.2301483648822278
2080,-1.1047658595090994
2081,0.20188202097427269
2083,-0.9516547489578386
2085,1.481760733026524
2086,0.9028050485055785
2087,0.18633115801839495
2088,0.9781169624463366
2090,2.4790467412233115
2091,0.41130006117168116
2092,0.17765087199175256
2094,2.1538228984604557
2095,0.49088389887666506
2099,0.3044813452708959
2101,-0.6210739761029491
2102,1.1713241982537697
2103,1.3613601194830454
2105,-0.3859488965661204
2106,0.1384811306244639
2107,0.907841364434398
2108,0.8266091765685533
2109,0.32300887699143327
2110,3.125488094786788
2112,2.445425429951347
2113,1.7662348230762057
2114,2.5347959569669083
2115,-0.09270971959226648
2116,1.405807743670514
2117,1.3788513997588918
2120,1.4122025678719863
2121,1.0540375198657517
2122,2.4910581378179444
2123,-0.13272366385251722
2124,1.1893375052405009
2125,0.7548238734375297
2126,-0.6717740966155386
2127,-1.469247166362404
2128,-0.11614791372942829
2130,-0.431535605794399
2131,0.06486178900940587
2132,0.5228562655898223
2133,2.4111748425840913
2135,1.1304792213294665
2136,0.5524597775508817
2137,1.6550166934311794
2139,-0.3868481657929925
2140,0.1989060721773822
2141,0.38508856697278676
2142,1.4808883966547157
2143,-0.2700678313780317
2145,0.15172390813284536
2147,0.5505609266347995
2148,2.409961896606238
2149,-0.028382982729236672
2150,0.6977250200879808
2151,-0.4106918452933913
2152,1.0007173795899877
2153,0.5821962081376089
2154,-0.23660249480591752
2155,1.059833577506697
2156,1.448967175223906
2157,-0.3472528452896948
2159,1.3870626168448377
2160,0.15826406863160947
2161,0.28918972179695696
2162,0.27252444959239275
2163,1.3881607418216437
2164,0.8530127302275805
2165,0.8863687059153711
2166,1.0067769063020884
2167,0.7583327396486681
2168,0.7630906341178325
2171,1.0598356390054833
2172,0.6200488022168369
2179,-0.22500013957236456
2181,0.9214220371630761
2182,2.320705465512292
2183,1.370428841409567
2184,2.540832555221553
2185,0.8582010364059733
2186,1.0754280639725187
2187,0.5687038150162284
2191,-0.3307907461444939
2192,1.3232955586223472
2193,1.6192536591275866
2194,1.859601973617457
2195,2.7921456743483315
2197,1.9795689933453597
2199,-0.016940566749508064
2201,0.4200106551006984
2203,-0.09499838026574711
2207,-1.3082882036158363
2209,1.5938599570349228
2211,1.6685587764296208
2213,1.533807307647852
2217,1.4688165453448265
2219,1.327358464611694
2221,1.5141271050183431
2223,-0.633118607415516
2225,2.492144357771667
2227,0.8198528820038782
2229,2.1078925164990157
2231,0.6752800962664016
2239,-0.6547961880503391
2241,1.119075693107631
2243,2.922404664364323
2245,1.7313259419197655
2247,1.5867525256172468
2249,2.1026758586486207
2253,-0.1301704201066223
2255,0.47937892803381055
2259,-0.12692087532063356
2263,1.7288122060068516
2269,0.7968886355932819
2273,0.4556733307016798
2277,1.515403962790447
2279,0.4077729271696978
2281,0.47470299973105784
2285,-0.15243876666635514
2287,2.159985235081789
2289,1.6287808697061161
2297,1.0336175121374742
2301,1.1652789362732872
2303,1.3575821844049922
2305,1.0812630295371197
2311,2.0162472598601204
2315,1.322793265223944
2317,0.2562908563913302
2323,0.7107295297645222
2325,1.966461203274096
2327,-0.3550403097428748
2329,1.0789460726261266
2333,0.8489047273773673
