357
4966
2273
1420
3170
2680
3826
4714
581
2514
3029
197
1296
1155
3918
4733
2002
4628
2696
3521
2855
2812
3721
553
1608
1625
2638
961
1554
1634
1235
961
3278
3798
3726
564
1787
666
3480
3895
1548
3380
3609
4336
3079
2401
2324
1434
4349
4665
164
3437
1982
364
884
2277
4018
312
3829
1771
2629
4080
4228
4101
3481
3249
1202
1526
319
4647
3776
1321
997
1035
4243
2305
2489
1422
1690
4879
3245
2711
3018
2959
2744
283
1995
1487
706
2370
3002
1750
4822
251
3489
1805
4726
2741
2495
3480
1265
3847
3094
3771
3837
2111
2964
4627
2080
1643
2098
2738
2554
4297
100
212
2564
4141
3681
213
4392
818
3925
2491
4424
212
4667
1913
2741
120
410
1526
4463
2138
3003
141
1600
4155
3534
2160
2878
4096
3251
4599
2094
2860
355
1154
3593
4227
879
4654
2894
3998
3268
2398
2977
1759
543
3024
1423
4950
1578
3963
774
2597
3195
3649
976
1527
1082
4277
1101
4688
4474
1428
4417
2440
508
3996
4418
2467
4383
2902
4672
647
4644
472
17
3533
177
371
3067
2877
2518
4149
2436
68
1427
4701
1568
4138
925
1487
2762
645
4505
1593
686
214
2915
4101
4498
1727
591
2885
1565
5012
1131
337
3255
4623
2254
3402
4971
2945
254
3941
1404
4627
2718
535
2607
4900
1761
4424
553
2797
4442
4519
3704
1516
668
4674
3520
4514
2415
35
1050
1548
1863
