ID,y
1001,0.32680898159183047
1002,0.6479873565509648
1003,1.027715152624536
1004,0.11277866069545861
1006,0.7179606579182047
1007,0.884539691312099
1011,-0.2388368502327193
1012,-1.4412386549441016
1013,0.11317630755037378
1015,0.014339585428620951
1018,1.45334363560967
1019,-0.20743962450085326
1020,1.227621494636947
1021,1.8904982608965382
1022,2.2878877428077904
1023,-1.4148911358455738
1024,2.533922466874042
1025,0.884991216889188
1026,0.5730309129825565
1027,0.40171838411472227
1028,-0.8582874613600232
1029,1.1451716010465967
1030,0.7631213034694524
1032,0.9081575190801076
1033,1.1420241127899446
1034,0.8673875712155765
1035,1.2625454736752622
1036,0.5993582125300949
1037,1.7899729721091213
1038,-2.3910220774915554
1039,1.7594233632534895
1040,0.9085340835253831
1041,1.1034340632541113
1042,0.5132944644965163
1043,1.5560696854237164
1044,0.9324217889647709
1045,0.9683068283450206
1046,0.7066655496711519
1047,0.5567764294753026
1048,1.6525210921516713
1049,-0.05839883686278685
1050,2.5520087341154816
1051,0.5031072302375911
1052,1.1239048642003653
1053,1.167719249646027
1054,1.5743597784403618
1055,1.6911369615817042
1056,1.5055447540503457
1057,2.9395501093769356
1058,0.529037061745287
1059,-0.16797486635573494
1060,1.3896625911363194
1061,0.6594155015825711
1062,-0.44843300753730064
1063,0.473728661700119
1064,0.07112525180805296
1066,1.3892597979838162
1067,2.360049667965094
1068,0.4036960079880593
1069,1.079395299636154
1071,1.6768170030153577
1072,0.41748740385416744
1073,2.4232510812747434
1074,1.455347076370049
1075,1.9443269877612974
1076,0.5708675186465955
1077,2.8516798000819836
1078,1.2357833300217564
1079,1.1139252665935961
1080,2.28707860995197
1082,2.302213784138529
1083,-0.532944454801601
1084,-0.1657367487636111
1085,1.671485376694743
1086,1.7525004068771408
1087,1.0751916862651263
1088,2.7017617417058326
1089,0.22338070109404362
1090,2.4015395903299197
1091,0.8947824945454729
1092,-0.03234005479554919
1093,0.6151450882590135
1094,1.4617232549053498
1095,2.6131552390994806
1096,2.5309721294413197
1097,1.1709897063628958
1098,2.172705043147791
1099,0.1470310861021933
1100,1.2188217649026678
1101,0.7954161825234527
1103,-0.010420847460360871
1104,1.3160592680779397
1105,1.340822483910128
1107,3.179746459299123
1108,1.1165666679848956
1109,0.8504981229204344
1110,1.7202862811057855
1111,1.5300026656893309
1112,1.0565103205074475
1113,2.2836490821227287
1114,1.1900878053056485
1115,2.1377120522522493
1116,1.5165100148612445
1117,2.467483795691961
1118,2.3944313334069935
1119,1.9615431517311073
1120,2.301190319395036
1121,1.454257172038666
1122,2.0957750485024347
1123,3.2186958872721485
1124,0.9747484848752318
1125,0.03499246595278738
1126,0.6977676749723594
1128,0.8956096093334522
1130,1.753499633872714
1131,2.2114294793752256
1133,2.2950296181425838
1134,0.26229086329868934
1135,2.896988184013425
1136,1.6917177922092064
1137,4.249211846881982
1138,2.5505193054751025
1139,2.3183264039887432
1140,3.4028280038820267
1141,0.8690846491169764
1142,0.9151887463012465
1143,0.9003533631101962
1144,1.8419661740960243
1145,1.88823035711036
1146,1.2152315413860117
1147,1.5657887540206037
1148,0.019798089914563777
1149,2.163072333662446
1150,1.277731248401247
1151,2.9174565297803947
1152,1.4827478078046
1153,1.4443716617204647
1154,0.7905153280262608
1155,1.756536650117993
1156,1.0173904057037813
1157,1.0450078220073924
1158,0.9746855996438603
1159,1.5602286232588705
1160,1.382632012756554
1161,0.34348623310549553
1162,0.9993196716245696
1163,2.4336821234739254
1164,1.2578540426536122
1166,2.0049864827263937
1167,1.7045875167125406
1168,1.4199550857612202
1169,2.212609055442889
1170,1.8337404792855323
1173,2.0155099911016086
1175,1.887544668478606
1176,3.1161671886237787
1177,1.2085761103811365
1179,2.8234612890038298
1181,2.9800843801310313
1182,3.1386766454663118
1184,2.9102452343383116
1185,2.8745976289698882
1186,2.595064855077709
1188,0.39345222435807536
1189,1.7858550205038972
1190,1.3666757064382766
1191,0.9273544012052277
1192,1.67940881941477
1193,1.8137003785241976
1194,0.8979864895271568
1195,1.8197333116567802
1196,2.0580953135520805
1197,0.43427587755999225
1199,1.16037190547292
1201,1.312240169885935
1202,0.011844020157533608
1203,0.4482981132552383
1205,0.9440861539452554
1206,2.0451596600675384
1207,0.9970639926978624
1208,1.5096374545805842
1209,1.3945841990131624
1210,2.580097791169041
1211,0.8180513228706175
1212,3.1817810327308753
1214,1.831056499751813
1216,1.3823862164499765
1218,0.6181600099908052
1220,1.8259424473447727
1221,2.2418461992995455
1222,1.489929286419898
1223,1.29229005506438
1224,2.0770389215253084
1225,0.8763543198278946
1226,0.3383770474702632
1227,1.832448674331625
1228,1.4354333616801767
1229,1.8406289154750501
1232,1.343509096693924
1233,-0.2528785540127245
1234,-1.2033435620312447
1235,1.7276278241806264
1236,0.8625623057886205
1237,0.2037776289521645
1239,-0.19691226800533096
1240,1.3036151825659639
1241,0.6598446340439521
1242,0.837521775117662
1244,0.5764188372984053
1245,1.9687536751376684
1246,-1.563334292057665
1247,1.718332611786333
1248,1.289723521601672
1252,-1.443041805496483
1253,2.9245494023391787
1255,0.7327092291666945
1257,-0.08424788056613641
1258,-0.3666874498449684
1259,0.360926579286856
1260,0.7008047158047073
1261,1.608746401020984
1262,1.8107792572760366
1264,1.7825828894150835
1265,2.0575855721194394
1266,3.370178561681054
1267,0.16084272184429305
1270,2.2973854139097023
1271,-1.0203636666201057
1272,1.599676358611477
1274,3.3015766628129737
1275,1.8267968324219321
1276,2.7100997706067207
1277,-0.060582833136684805
1278,0.6343128422944028
1279,-1.4131651459021404
1280,1.5050463306091109
1281,1.988852587030076
1282,2.306461072534072
1283,1.6806119943604287
1284,2.202719017296504
1285,0.7377031755709886
1286,1.624133117291351
1287,0.5837558378403818
1288,2.8270805005127357
1290,2.1790934656593497
1291,0.5149850234694993
1292,1.8769056836330855
1293,0.7929408165905465
1294,2.2279053814478904
1295,1.0564197292788546
1296,1.5852052593601602
1297,1.682409113744954
1299,1.410199831091402
1300,2.572260309127979
1301,3.101618157649895
1302,1.5631197829655754
1303,1.686475740007972
1304,1.7387317921021588
1306,1.5380506283165505
1307,1.165020152271757
1308,0.8197941131832606
1309,2.524947558672263
1310,2.747337737737642
1311,2.0698258614177685
1312,2.9498781062779242
1313,-0.43386892308963293
1314,2.8574380628547615
1315,0.5801450467228373
1316,1.4657255985850155
1317,0.11278480559808346
1319,1.3106092416576027
1320,0.4604126151571035
1321,1.7426203000346698
1322,2.128680312648569
1324,0.8856208926042881
1325,3.5123983035577266
1326,0.665671663505764
1327,1.0012271519277984
1328,1.361402000087878
1329,1.1915883044189668
1331,-0.0459051338190648
1334,2.7655906886728925
1335,0.7878823239569358
1337,2.0746953538454553
1338,1.155977233387556
1339,0.7471751525659346
1342,1.9721577624810878
1343,1.1079413185484972
1344,1.3037501947706671
1345,0.62299103521509
1346,2.3721021757572514
1347,1.1733757853569888
1350,1.852028427464523
1354,2.819067931678453
1356,1.775127062057726
1359,2.0748468270352327
1360,0.39432293398623486
1362,1.3308777760180803
1363,2.674367173134546
1364,1.7759104445047504
1365,2.2869542034479684
1366,2.0172688736127755
1367,-0.8119515744407824
1368,1.680287300362331
1369,1.28759884715272
1372,3.518649026328574
1373,2.269383835765053
1374,2.9829526117229794
1377,3.1182291677127463
1380,0.49936139224763243
1381,0.17692089712463532
1382,0.004862234473002491
1383,0.1574979677210783
1384,-0.7285257315227959
1385,-0.24112587611084707
1386,-0.7807983658182981
1388,0.30413944673166216
1390,1.100194036464291
1391,1.4703696614617199
1392,3.303842624050199
1400,2.1709666932777574
1401,1.7316204976183793
1402,2.487992536857628
1404,1.4555043130931464
1405,3.6399972233585105
1406,1.2957635688695786
1407,1.794475617109381
1409,1.1675445427771154
1411,2.1467292570845067
1414,3.131516898796569
1417,1.059339880982753
1420,2.0267120256466726
1422,-0.07375005150977254
1423,1.3867351660592853
1424,-0.037390876166504494
1425,0.24129066780273523
1426,0.21539851682121852
1427,1.0758390298626683
1428,0.61938401537423
1429,1.3342087084178587
1431,0.032961120697626134
1434,0.6040939615434572
1435,-0.6796341375140535
1436,1.660428125096359
1437,1.8885755467291612
1438,1.4277493790497837
1439,2.493481690682513
1441,3.333281443425729
1442,1.3016360248572116
1443,2.9891885382150676
1444,1.3427262144656584
1445,0.6038306907892068
1446,2.606937943311478
1448,2.2983960101089584
1449,1.533702412125624
1450,1.3481879639371501
1451,1.9210064012715122
1452,1.1576632338253174
1453,1.2241539137457305
1454,2.3907805998272043
1455,1.34876816452294
1456,2.0500790227163392
1457,0.8928640420017625
1458,0.7302512021480134
1459,4.134137989868361
1460,3.7652203246542255
1462,0.8919674646342354
1465,1.592487203686247
1466,0.3554112392613136
1467,0.8029353445307794
1468,0.8317242497597256
1469,1.568236977738119
1471,1.0208352215163545
1473,0.9450608426983544
1474,2.796701620269192
1475,1.5115352041786252
1476,0.2664061023492596
1477,0.8889365253870302
1478,1.2204376567252402
1479,0.9230937087397549
1480,1.6130382443427451
1481,0.8323109820084817
1482,0.8824034330435633
1483,0.8480109362620987
1484,1.0785797745222143
1485,0.34632008620722077
1486,1.387735520755085
1489,0.4868655089197391
1491,1.9493527906677914
1494,1.1431157614364578
1495,1.5978769618530526
1496,-0.5225122506266274
1497,1.7909110694601584
1498,0.9500750439225035
1499,0.3914432895068982
1501,1.2321348368373994
1502,1.7163930942470773
1503,0.16070443188023642
1504,0.2114963916963808
1505,1.2172985563188368
1506,1.1005561388374454
1507,0.6262181789077954
1509,1.7283112858860994
1510,1.602404731027374
1511,1.304361077918884
1512,-0.2010971195126508
1513,0.8430513455511047
1517,0.06343478871566322
1518,2.0681603947718674
1519,3.2236313654979183
1520,1.398227753065873
1521,-0.5994589520373006
1522,1.8059258040526505
1523,1.834736203931481
1524,-0.055237436089328074
1525,1.0962293385902093
1527,2.280099783609732
1528,0.8561873477779318
1529,1.256015785532437
1531,0.8596383977952724
1532,2.6447842501560377
1533,0.45294369978421634
1534,0.7294639804380334
1536,1.32019000650264
1537,1.0459314715102406
1538,0.15984116947717075
1542,1.5043647163415432
1543,1.1969364475626192
1544,1.5753161994477622
1546,0.6343399481656125
1547,3.1924379518397688
1549,1.0335433370849287
1552,2.6016252967222386
1554,3.0818312237080345
1558,3.7883376557783572
1561,3.4710024571758886
1563,3.548272610337029
1564,0.7667830634713323
1565,1.0757355125416757
1566,1.3519632692589054
1567,3.4904133043484755
1568,-0.5732707644546728
1570,0.9301071126135932
1574,-0.08743540752867407
1578,1.7665585988956716
1579,0.9350617884970174
1580,1.5650344051099636
1581,1.8124000201099593
1582,1.110482706434059
1588,1.2974400243737128
1589,2.155618158436356
1590,1.5668103094845032
1591,2.464567748975338
1592,0.5584672931282759
1593,0.01851741892951242
1594,1.1326344142574365
1596,0.026043589016485513
1597,1.515280109843449
1599,1.2148327659678473
1604,0.6475109729101506
1606,0.16778845153878064
1607,1.6505565753591758
1608,1.4594111171666695
1610,0.5659772503723206
1613,2.0802374986730143
1614,0.2380735915079645
1615,0.9709733200536477
1618,-0.15799239389162245
1619,0.933841620251265
1620,-0.045582410079967495
1623,0.7289392039688108
1625,0.9091305667650398
1626,0.4970425403146974
1627,0.6906162285803954
1628,1.5182986566050802
1630,1.4942632791155375
1633,2.115655414150953
1634,0.936999936938625
1635,1.3460956141762341
1636,-0.4790137302641818
1638,3.09181337427263
1639,0.19858599278256084
1640,0.7490305513039094
1641,0.16246900878937198
1642,1.8249982333884271
1643,2.937014767873957
1644,-0.07068069647586084
1645,-0.9440936769534699
1646,0.11805245572212952
1647,0.2885881846329468
1649,1.5353034665496057
1650,4.548288952101731
1651,1.2031190510965595
1652,1.5240748739798804
1654,1.2709674254669168
1655,0.2505671335056623
1656,1.5530206179934833
1657,1.7538654626092705
1658,-1.1985912233416856
1659,1.4724836028478603
1660,0.8892311755232029
1661,0.3037441726044615
1662,0.5648053487085924
1663,1.6403480170593805
1664,1.5141955290228002
1665,3.0751181902277445
1669,1.5060707215722422
1670,2.0137828344467996
1671,2.1906647363323617
1673,3.4497421652188356
1674,-0.5556764787857155
1675,1.1769073354867612
1676,2.785259345468706
1677,0.9607803564248032
1680,0.5325524166272828
1681,2.017680418887843
1682,0.9201492084203005
1683,-0.04634027162707885
1684,-0.3312095629182996
1685,0.9352999666380415
1686,-0.8755283094840132
1687,2.6659980466030033
1690,0.5847550584712682
1692,2.912076745303839
1693,0.08812343311294502
1694,2.272180242527171
1695,1.0473258448386873
1697,2.263402474707248
1698,2.1699626306071487
1701,1.0572460635914152
1702,2.200668580854885
1703,1.4817007844941066
1704,3.012169010327776
1705,1.1977435365038116
1707,1.7256241384928166
1708,1.4239681373786217
1709,-0.2650609807603245
1710,-1.3815733328667592
1711,1.380468074734578
1712,1.4357666090043033
1713,1.7207826428633133
1715,1.5095554032667877
1717,1.8994318540387627
1719,0.6685554156437539
1720,0.721099454376219
1721,-0.2072392066054417
1722,1.11119782078953
1724,0.2287228622785752
1725,1.55878295663629
1727,2.206468359805568
1728,1.0548151913228188
1729,0.6666897993156825
1730,0.5665291859634681
1731,2.9503468816514244
1733,0.9696733903804922
1734,1.140561503249529
1735,2.9459304709263594
1736,0.7842791373779765
1737,2.5761172734107074
1739,1.5714071763679796
1740,-0.313198930515364
1742,-0.2768282705850672
1745,0.19349054209438643
1746,1.3105157173772592
1748,0.9713223435307023
1750,0.5924489887232256
1751,0.6370380548495893
1752,1.648730350492397
1753,1.6405639401417471
1754,0.6873174067086653
1755,1.0291897493448174
1758,0.42425813431126075
1759,1.0264982369464268
1760,1.4179039768660107
1761,1.844024281112504
1762,-0.9186361267060085
1763,1.1934056937751865
1764,-0.49503023821950926
1765,2.5734270091747913
1766,-0.51869408678353
1767,1.5541256046961611
1769,1.5089289622027164
1771,0.4459964234318834
1773,0.09024993683141114
1774,1.3506235206632065
1775,0.00046951662498205884
1776,-0.6484291114145306
1777,-0.18854500231613325
1778,-0.28522355357564005
1779,-0.7355822857163679
1783,2.707650249393022
1784,1.3423540840477488
1785,0.5693549770177
1786,0.8548145347800437
1787,2.776456226899022
1788,0.809109185050099
1789,2.0368588159393846
1790,2.0564591973408812
1791,1.647231827248774
1793,0.5113097637697083
1795,2.0608594838599466
1797,0.6232751385898536
1798,-0.09263907899741775
1799,2.857249413768804
1800,0.473412722954741
1801,1.6862042261661445
1802,-0.03545800080877215
1803,0.01902049768725922
1804,2.6175520117599933
1805,1.3456968994105223
1806,1.244084960266636
1807,1.4907061684426952
1808,1.3450613273455716
1810,1.7018348688043672
1811,0.48569367519051876
1814,1.677065026109283
1815,-0.4230804347943854
1818,1.2498567133005478
1819,-0.11891819470012133
1820,-0.4404495065384203
1821,-0.16753504378106565
1823,2.669990837938076
1824,-0.4289795089686276
1825,0.38242330046670825
1826,-0.4225636761892874
1827,0.9917892188678448
1828,2.9195612430366413
1829,1.8929180867826205
1831,1.061107097214729
1832,-0.3869868835793513
1833,1.0167556991877018
1836,0.30718311603814263
1837,1.7138519059638142
1838,2.4113295942718804
1839,2.295574298687324
1843,1.0733302469009165
1844,1.758861601429953
1845,2.7330509925867226
1847,1.1372517354902496
1848,0.2978620406426823
1849,1.4996557040595575
1850,-0.06724968772824211
1851,1.5150886322015125
1853,0.3780534339134095
1854,1.760282232944606
1855,0.33624673459348164
1856,-0.3633175803216162
1857,2.676331905264677
1858,-0.2244817905769394
1861,1.788855246924811
1862,2.116634864716244
1863,0.016489271693499563
1864,0.8807028572520972
1865,2.003495315732298
1866,-0.5943891227354616
1868,1.2580325035718758
1870,2.42067065350668
1871,0.6723584585393625
1872,0.26822082857152285
1874,2.3304507296841015
1875,1.2373541362624823
1876,1.7949667577205788
1878,1.0648198117191936
1879,2.193765471140641
1880,0.8434440875784011
1881,1.9902769001878766
1883,2.1323609572653197
1884,1.5332428038271786
1886,1.9283826139085276
1888,-1.5537148011090869
1889,-0.35534260614235313
1890,0.743958688298367
1891,-1.1631771460939742
1893,0.24066588486475443
1897,1.3190693134384261
1898,0.47839204058441753
1899,2.482648067906148
1902,2.7211458683786445
1903,0.9285785787904949
1904,0.8752481137924752
1907,0.9775789885507903
1908,-1.0796009532533242
1910,0.42667757670915707
1912,0.15724778772149617
1914,0.6439779104753998
1915,0.7361816563642918
1916,1.7420044995828674
1917,0.8905110695197902
1918,2.36883334741079
1919,0.3351701599103517
1920,0.8272657949716478
1923,1.5180558773151238
1927,2.173780221008732
1928,0.4641667878718436
1929,1.4077816952005793
1930,-0.6566747540769247
1931,1.5632587639559534
1933,1.2301965579987828
1934,1.1621767877472489
1935,2.1220910573206737
1936,1.5493945161430371
1937,1.9088028322672272
1941,0.22028340615163733
1942,-0.4927442184264778
1945,0.6208691337509655
1946,0.9473344948723909
1949,0.5250863972665119
1952,-0.18928442380631594
1953,0.0336482696125433
1957,1.5447219028235393
1958,2.3109560040466803
1959,0.6387913539816792
1960,2.2402467458738937
1961,0.1867748121147459
1963,1.4960201353736835
1964,1.3164073537592254
1965,1.0978554872606483
1968,2.6933197045915835
1971,-0.6908809264657336
1972,0.8308691600565419
1973,-0.6904752041619167
1974,1.5625366088696175
1976,0.9191547676304999
1977,0.6979262425771384
1978,3.093421643982152
1979,1.3226370658815576
1980,0.8444960840946393
1981,0.7417471916093556
1982,3.682157603178741
1984,1.6938324316361004
1988,0.02314141227733868
1989,-0.7338491569054687
1990,-0.21857425041318168
1992,1.600569606532582
1993,0.8892013512673698
1995,1.498727609943726
1996,1.1053693932840198
1999,1.3075687039473607
2000,0.9938296111051418
2001,1.8232049242657054
2003,1.7034236827531053
2004,1.3053671897805212
2005,0.47703316526717676
2007,0.29996961980488146
2009,0.861122866138442
2010,2.0461200186313198
2011,0.9922996336135019
2013,0.7176600136553226
2014,0.07719018968567948
2015,1.9418308869413443
2016,1.0732970221384384
2017,1.7283246728851673
2018,-0.3355762597120342
2019,1.0403629646395212
2020,2.0347724107718803
2022,0.05954248862250666
2023,1.2619725963312838
2024,0.7229132521838426
2025,0.07912949050580675
2026,-0.10412352271110248
2027,1.4828097902577753
2029,-0.31810419077639684
2030,2.348210858193472
2031,1.3191399275499553
2032,1.7359371969204243
2033,2.163738640490356
2036,1.0652175621384308
2037,1.6360149456188555
2038,1.1057214973796943
2039,1.0706174265149488
2040,0.49297062780989936
2041,1.8172341679060495
2044,1.965444639116341
2046,0.0429227922026596
2048,2.448941069523869
2050,0.07527401861409966
2053,1.2709384790501037
2055,0.7415485782604863
2056,1.2181671696544814
2057,0.8577202444774141
2058,-0.1706938846199405
2060,0.7257188128527741
2061,0.3620351435909195
2064,1.3684006149029684
2065,0.3502642598460136
2066,1.1262448007463386
2067,3.335676780472899
2069,2.1551006208486916
2071,1.7240245692926777
2072,1.272091494927367
2073,2.481425441713492
2074,-0.4181511985092918
2076,1.4091440441174266
2077,2.4175134916710186
2078,2.089220882037015
2079,2.794727123099611
2080,0.938503675815246
2081,1.6821327852600028
2083,1.2789078377142946
2085,2.888441377773098
2086,0.6849064750059735
2087,1.7480154877932756
2088,-0.2545496318934154
2090,1.1094100858885174
2091,1.2286226567090228
2092,0.8025578152931587
2094,1.733976550159841
2095,0.8720795306213324
2099,0.9302177137019346
2101,1.0308963837867706
2102,1.7636873004923825
2103,1.598843469587139
2105,1.3473196324379755
2106,-0.0030319447060829716
2107,0.7357136641439421
2108,1.1638643387410292
2109,1.267334113585005
2110,2.9099705135304177
2112,2.535119504891552
2113,1.5192368264772318
2114,-1.032212566443915
2115,1.8563243436509729
2116,0.258669293495114
2117,1.2313396370620349
2120,0.9553865702920692
2121,0.1004644684623851
2122,1.8209693631551591
2123,-1.5836585792096798
2124,0.7839724727096041
2125,-1.0819079473306692
2126,1.6921343044360704
2127,2.591136381725258
2128,0.4634233524474544
2130,0.06712439441944396
2131,-0.10172365777488002
2132,-1.0326592428187398
2133,2.1017935182642167
2135,2.8118223595624325
2136,0.40978420405360316
2137,-0.7405927545215459
2139,1.6813141113887144
2140,1.6046291266527104
2141,1.547843276152276
2142,1.9244054998578488
2143,1.7640737991278943
2145,0.6105110165380218
2147,1.7004587859190121
2148,0.3700281276582056
2149,2.040360774606141
2150,2.134408969700163
2151,1.289849909227094
2152,1.5251461147755163
2153,2.49316192445978
2154,2.5136542523917833
2155,2.169866083309101
2156,1.3018668306086958
2157,0.9088034933644806
2159,0.8883103750226853
2160,1.7130047067578231
2161,1.5455219736178059
2162,-0.6206438198846426
2163,0.6377694230977027
2164,0.2824621492900692
2165,1.1056965473972535
2166,-0.7268954040991542
2167,2.8002781425985575
2168,1.5234931064796404
2171,1.4306655309540148
2172,0.9900868204473485
2179,3.4391872760469555
2181,1.1710786591398306
2182,1.0541332496341598
2183,1.956442202284423
2184,1.7060312746179738
2185,1.1708958853075966
2186,1.1679338366871401
2187,0.9100851386364266
2191,0.5381098228834043
2192,1.5137117835910947
2193,0.12279108319585087
2194,0.36464215904898284
2195,1.3731837192149337
2197,1.084849406349947
2199,1.312176049691724
2201,0.9302916600694284
2203,0.8440147761595556
2207,0.7480480155606701
2209,2.1131307325319852
2211,1.0020584848870118
2213,1.1546554768944968
2217,0.5108175368394192
2219,0.3778491406276212
2221,2.375408734705196
2223,0.26836327091344014
2225,2.3770519628183764
2227,2.4230031097171345
2229,1.8248686615010397
2231,3.159836996343048
2239,0.53680181238082
2241,0.9618303676316305
2243,1.6774370148518931
2245,1.1261126997440214
2247,1.7083149398973196
2249,-0.25985501389249865
2253,-0.3025438429083555
2255,1.8042484894907869
2259,0.904234022018034
2263,1.8096081206955161
2269,-0.6617989731498914
2273,-0.8875331427140236
2277,0.03428928946424864
2279,-0.23549607474399556
2281,-0.20432694018025188
2285,0.6190476486157768
2287,2.2126983178840547
2289,2.663709973918577
2297,1.5178634289678943
2301,0.7816328864034041
2303,2.674910004930547
2305,2.2530544215846886
2311,0.8854992677215535
2315,0.423466694737322
2317,3.386736188548064
2323,1.942503236007046
2325,2.8775755615429173
2327,1.9325446923566956
2329,2.324294455625784
2333,1.6212296894980334
