3150
589
2335
1570
3917
595
146
4870
2425
4489
729
2579
346
4960
2855
4822
2765
2327
520
4941
537
4547
4696
4418
3239
1862
3583
2074
3574
3267
740
507
1344
2063
2233
3284
315
95
604
3225
1815
3991
3376
649
198
3734
4955
1679
2023
4573
3283
463
555
2333
4846
1526
449
388
4731
3280
3391
3685
1384
2105
3267
2442
848
3376
1281
325
4919
1732
1642
1794
619
2077
955
2674
4654
591
4431
3712
1128
1040
641
3795
4640
697
1286
824
512
2371
2552
1172
1168
2378
4079
3727
668
1409
1782
1034
3129
1806
1865
656
3996
1795
2885
1529
2796
2469
1144
2163
1009
1832
2126
2312
1961
3223
3295
4966
1593
3399
2543
2875
3532
4377
4938
2503
2104
1836
1273
1260
654
1660
1690
4861
466
1574
1272
836
3254
1749
2086
1687
4929
4943
3365
981
4069
1254
4755
4934
3307
2416
2566
2015
2250
762
2552
792
2481
41
286
4370
3734
1464
51
3088
2220
3362
4727
32
1218
1179
2963
491
2091
4672
2222
578
1772
2024
4820
2695
3986
829
3338
2213
4336
2835
332
3774
4149
1153
1464
227
2697
3318
4255
2082
2373
673
75
1540
1357
3835
4261
3969
2780
1193
855
1876
729
323
4492
1857
576
2360
2227
3461
2571
3475
1318
95
821
4528
1696
679
1024
4376
1704
2690
1633
1764
2940
1148
974
3830
639
3803
4722
2187
818
2345
4930
4852
3650
2982
4008
