ID,y
1001,0.9662033496178748
1002,0.03804548118420481
1003,0.6376657355945198
1004,1.8046188164248076
1006,-1.4449494834106926
1007,2.580905052279655
1011,1.4650010597323948
1012,-0.33311498309423593
1013,0.22359071589189927
1015,0.54853203839843
1018,1.825789501122647
1019,1.0882471575528023
1020,1.2627567733167822
1021,1.4085715935612864
1022,1.072233794542172
1023,-0.043379321686828315
1024,-0.6990602683748841
1025,1.0380080280588837
1026,1.1813014457871454
1027,0.10795440092901198
1028,-1.4395757190198002
1029,2.460903850270804
1030,0.1649336377117948
1032,0.19038595915644219
1033,1.2555937839151476
1034,-0.11380416261796455
1035,-0.6477481102099714
1036,0.7464719858399347
1037,0.15218993643905476
1038,2.5449529957557395
1039,-0.4547880146869539
1040,-0.7846358422072328
1041,0.6885874972931096
1042,-0.44661439158744887
1043,0.22247602233071828
1044,-0.29494042630361184
1045,-0.8934256968687566
1046,0.0778871977159653
1047,-0.062090007179331275
1048,2.0726691431603066
1049,-0.160680576629203
1050,0.785509417421023
1051,0.1382604354334342
1052,0.6741979690886126
1053,0.1344983550565204
1054,-1.1374019584536836
1055,-0.23363797145380896
1056,-1.1260120570672092
1057,2.0524484104555163
1058,1.5051110439438224
1059,-0.320134411471954
1060,0.3182673442769236
1061,-0.4040115308094997
1062,0.4477234979921151
1063,-1.0193766435587337
1064,0.5125718732274995
1066,-0.6765569188325
1067,-1.1117803389699468
1068,0.6074655129724751
1069,0.5873205199355142
1071,0.37797684381940944
1072,-0.3649355257845317
1073,-0.7658440057838436
1074,0.9947464195248212
1075,0.8376560581847261
1076,0.8350823644678442
1077,0.5018287942112202
1078,0.8349905247386326
1079,-0.3168177461415074
1080,1.885001652344759
1082,0.6612077943410395
1083,-0.2325638456559379
1084,0.7672884718503887
1085,0.25963765814086204
1086,0.25193264201456267
1087,1.5885484115779338
1088,-0.7888560391680421
1089,0.3714406748752537
1090,0.25382231296359786
1091,0.009620596017548999
1092,-0.36835358656152484
1093,1.4864638475851741
1094,-0.20141146376504449
1095,1.0555723475626209
1096,3.0818268865110605
1097,0.6043227669099029
1098,0.516895853101414
1099,0.32621705572011733
1100,0.28801763222123444
1101,0.7857237549224675
1103,1.6624711353679587
1104,-0.405682467792302
1105,2.3077159322154595
1107,-1.0228088964197493
1108,0.9705212481316566
1109,-1.3119185435686302
1110,0.965155351157438
1111,-0.561652789776432
1112,0.9415293962783962
1113,-0.4425580684535153
1114,0.4911175001157058
1115,1.5609089756453212
1116,2.7761634260118218
1117,1.162352560751381
1118,2.3857236470554057
1119,1.5200527561672597
1120,1.9624231476257334
1121,1.8163116775017691
1122,-0.5213197790688291
1123,0.9756450375263733
1124,0.4906249868961303
1125,1.3572912208799093
1126,0.5355820873670212
1128,1.9706447736159243
1130,0.8802714726266142
1131,0.19011846474451347
1133,1.4352128665001735
1134,1.4613306162588775
1135,2.9783876322976996
1136,-1.1834466799467984
1137,1.726254595396624
1138,-0.9775508328160999
1139,3.1318444609650467
1140,0.9351796853173524
1141,1.5278428351382705
1142,0.913445229457544
1143,0.07699878153631179
1144,0.8784044806907808
1145,2.4235405917208603
1146,-0.5982863368706899
1147,0.5898430480076773
1148,-0.751757791331466
1149,2.25678168195356
1150,0.9233432043250323
1151,1.2756745139846342
1152,1.2918721781557463
1153,1.3642463929099504
1154,-0.03565960133493051
1155,0.9881156511253791
1156,2.034884726252272
1157,2.861692246533935
1158,0.45181251975077474
1159,1.8211119471778772
1160,0.6958414589029385
1161,2.0318022654785763
1162,1.6242400992078159
1163,1.0636807682281786
1164,1.530184707197773
1166,-0.14491524049794913
1167,1.6363754026170827
1168,0.44364898359771715
1169,0.052186023667355474
1170,1.3459160802601193
1173,-0.0024049798651634147
1175,0.9219995290874815
1176,1.205143441196109
1177,0.9009199420989009
1179,1.7259507640951313
1181,1.2164039014411347
1182,1.166003235778285
1184,0.009699058500290902
1185,0.9663309762702222
1186,0.41388412310248696
1188,2.5857091828249414
1189,-1.637200273026353
1190,-1.3595582611125192
1191,-0.21537570155795668
1192,1.114975335451772
1193,1.6802915155833837
1194,1.1717343175455264
1195,-0.6053330986426942
1196,-1.5757274763962703
1197,-0.409665796426153
1199,1.9240913939858848
1201,-0.4368047449122795
1202,0.0865395855198506
1203,0.2610877660691436
1205,2.492635508281083
1206,0.8941863660678582
1207,1.4508249752780416
1208,0.5033396937502953
1209,1.5002696733503207
1210,0.35753973858625465
1211,0.6182701747306488
1212,0.9177632537410934
1214,1.4812470189476437
1216,-0.8345266595831857
1218,1.0546665696142852
1220,-1.6236850846581246
1221,0.6100882396363736
1222,-0.7970565893726664
1223,-0.5638581606289017
1224,0.29948780525959445
1225,0.7086395404744972
1226,0.3543415807858465
1227,1.39830892042579
1228,1.365134604210667
1229,-0.4906942933340205
1232,1.5588188676299648
1233,1.8111390601248427
1234,0.612432749339654
1235,-0.6070232175151222
1236,1.0144322510923303
1237,1.5721054603651223
1239,-0.21363598934190237
1240,-0.1381219069213404
1241,-0.27232797530000274
1242,1.201899171435969
1244,0.17786193095416913
1245,1.2905487285086883
1246,1.95003499225676
1247,0.9628404053719062
1248,-1.140607236408781
1252,2.4740091401276465
1253,-0.6500931453159138
1255,0.3200945206345316
1257,0.6295128477756232
1258,0.330929517221994
1259,-0.32290980835232247
1260,0.9448427524185643
1261,0.3239187738477811
1262,-0.08001034326304085
1264,0.2662963789264776
1265,1.4224355905005244
1266,0.4902597426837524
1267,-0.5168626770486946
1270,-1.6051962701266715
1271,-0.19804498314610933
1272,-0.9115968155828018
1274,-0.38854655897954793
1275,0.8628654383066372
1276,1.1501317027408613
1277,2.122378564920927
1278,-0.37775534210780926
1279,0.3289581243037723
1280,-0.8738307874662402
1281,0.16334484300786
1282,-0.8162344366475726
1283,1.5873982137898888
1284,0.3736182022517365
1285,0.003968681151896775
1286,0.8133750641213087
1287,1.1599808005966201
1288,2.188101347780208
1290,2.8426956563665122
1291,2.1758406425882706
1292,0.7414953046949518
1293,0.5505115466735033
1294,0.7355228713869156
1295,2.0488605945765137
1296,1.0581945189753654
1297,0.10963540638416369
1299,0.8098071074131493
1300,1.280451090743054
1301,0.5811450004888982
1302,1.5796576670753781
1303,0.7170348236651073
1304,-0.5252499821966031
1306,-1.0018411943962144
1307,1.44188501453435
1308,-0.1666216456930963
1309,1.4156702070787714
1310,0.884985466354303
1311,0.24013081054547564
1312,1.3037300950538704
1313,0.0744036317557447
1314,2.3302959333317133
1315,1.3712512258834613
1316,-0.1951057033630384
1317,1.9346535581926525
1319,1.861756152527678
1320,1.163112372316814
1321,2.9439421885378643
1322,-0.7111482426718315
1324,1.6913450974828148
1325,0.44294482240348887
1326,0.9323460436863165
1327,0.14151133780611158
1328,0.20414003455392132
1329,-0.6291593770054767
1331,2.1150346946688394
1334,1.5776105526858162
1335,-0.17648868227651518
1337,-0.30658242825970605
1338,1.9854731105060726
1339,1.0345199775172478
1342,1.0273222818807144
1343,-0.16245514493275282
1344,1.2962080927727542
1345,2.1646234964684434
1346,0.134225764785181
1347,0.9316715104615563
1350,0.6604192671355049
1354,1.580976595298277
1356,1.311295503384765
1359,0.2811378740583866
1360,1.1575197118633416
1362,1.0237943379573808
1363,1.6411063763638982
1364,-0.07648905866586699
1365,2.436918134939987
1366,0.9584385800527507
1367,0.43779150059143923
1368,-0.5241407374204003
1369,1.9488705591785744
1372,0.9463840576723402
1373,1.6805717303121783
1374,1.1091825293504538
1377,1.1960197615555053
1380,0.055368786713270945
1381,-0.5785656546914761
1382,1.1459977472592717
1383,-0.39117691478355154
1384,0.04421710607838664
1385,1.9328128438633352
1386,0.45062095260449314
1388,1.5536433619045145
1390,-0.5379095898969851
1391,0.5979601574743183
1392,-0.0051894932647083974
1400,0.8269429594129117
1401,0.7832787552595947
1402,0.8895156710990876
1404,1.0357737460922154
1405,-0.9721585970322617
1406,0.0922814911688481
1407,-0.008413670576109866
1409,0.364955572608301
1411,2.263760572859845
1414,2.276816356114916
1417,-2.0729554542164816
1420,0.8994885220159957
1422,-0.5200188349997718
1423,0.975160017265359
1424,0.6971618626940719
1425,1.2296434777729524
1426,2.168355806586415
1427,1.0996062524148975
1428,2.3315376308416145
1429,1.1157879519726364
1431,0.6692824470013939
1434,-0.06366687814211136
1435,1.6848622604411312
1436,1.658926375853794
1437,1.994655485227721
1438,0.47565151863727384
1439,0.5832762817355313
1441,-0.0724129375151471
1442,1.0448873109991716
1443,1.3723211648005202
1444,1.0796969149631246
1445,-0.8892755680407977
1446,1.0698814530346419
1448,1.1663091758517559
1449,-0.35236633606846746
1450,-0.5686630882464045
1451,0.5513369383694982
1452,2.522406012343102
1453,-0.35367816047217154
1454,1.1380396287150032
1455,-0.013308592203321035
1456,-0.7799795289250393
1457,0.8646702275852282
1458,-0.3575975048927914
1459,-0.2975015835821481
1460,0.2585503688002946
1462,1.5512209162019914
1465,-0.0005517949836787439
1466,1.4686685547401763
1467,1.7568158328158032
1468,1.8630061835505314
1469,0.5023614178419616
1471,0.769039084729596
1473,0.9228357844813802
1474,0.8594028053301157
1475,1.4584310966398726
1476,1.0154294370882502
1477,-0.15009490124778915
1478,-0.4240989762649786
1479,-0.302409556677031
1480,2.369359624193323
1481,0.2300135744597705
1482,0.5060492289494473
1483,-0.042997305438589595
1484,-0.18673934744049114
1485,2.1003708192411654
1486,-1.3010237433809486
1489,-1.2666637589269425
1491,-0.49319112113516017
1494,-0.7229173758400746
1495,0.7226851830924738
1496,0.9798908619884742
1497,0.8950226240275445
1498,0.9845358615246376
1499,1.5178549075297623
1501,0.28773295137629284
1502,-0.2005209067179764
1503,0.4246367333788217
1504,0.858251360728109
1505,0.3221168250516204
1506,-0.15405148034503974
1507,3.8932999290105688
1509,0.246175971594787
1510,-0.25088598085527014
1511,-0.35343272990992847
1512,-1.0313067114427226
1513,1.9764907073704452
1517,1.3582870060827332
1518,0.9268979335728582
1519,-0.034614844539261516
1520,-0.3966322269194654
1521,0.47866040255014713
1522,1.7425127149030002
1523,1.1523035988921317
1524,1.6181946206713183
1525,0.3255272084674188
1527,0.7745185162117325
1528,1.2591733538398737
1529,-0.42020541229096864
1531,-0.8638992285699221
1532,1.0551578080824255
1533,0.38378355895387295
1534,1.073227682594949
1536,1.3181598873419007
1537,0.3349020758295099
1538,0.5233802451762004
1542,-0.46161404482800383
1543,0.10562689602497088
1544,-0.10893037763657715
1546,-0.3390886450338165
1547,2.7738537555903573
1549,2.106256646372216
1552,0.1510155671767449
1554,0.8963040839195886
1558,1.789945221469412
1561,2.206054598482303
1563,1.5589607727202932
1564,0.31649220432396996
1565,1.0489450122905548
1566,-0.17085989831370577
1567,2.0140606357466626
1568,1.685118801961423
1570,0.40710247407308797
1574,0.8263143901475798
1578,0.3968489854451115
1579,-1.7563706044144722
1580,1.2734814435728137
1581,-0.2850052368031717
1582,0.49017270940251534
1588,-0.4376040320340072
1589,1.0205871453245186
1590,1.4041318602912523
1591,0.9218118088468052
1592,0.5644778376923205
1593,-0.5049594325536327
1594,0.07745404620852654
1596,-0.3408645760077631
1597,1.080244600151037
1599,-1.2092611889288791
1604,1.1735955738175305
1606,0.07501119911394016
1607,0.19578561225183522
1608,1.295487452519349
1610,-0.022989667376352715
1613,-0.4183811414628172
1614,1.1369216024889313
1615,-0.4906984924767786
1618,0.15738205818585765
1619,0.8431544420120465
1620,1.6699550381806922
1623,0.5305098916281188
1625,2.300780007357583
1626,-0.36374211748503793
1627,0.8213846551694761
1628,-0.30206365301623694
1630,-0.8722836096995104
1633,0.8279216209408992
1634,1.7837933879183079
1635,-0.2701891741498746
1636,1.1538093967964198
1638,2.469147191789963
1639,1.1182092545522737
1640,1.1246922663439651
1641,2.9089235439447485
1642,0.8620663825032341
1643,0.6006461968210531
1644,1.6025006580721108
1645,0.6437089701839518
1646,1.0007989825678982
1647,1.1453039244462098
1649,-1.3961847520586548
1650,0.33984369826663974
1651,-0.49708470982613273
1652,1.2009440228369708
1654,2.84255799392838
1655,0.21560794857686605
1656,0.7877000372767153
1657,3.422689391051679
1658,0.9775993605755924
1659,0.6657841150149094
1660,2.5762477222420763
1661,-0.6719343234008143
1662,2.4237530425546545
1663,0.8083980319651396
1664,2.557674578484522
1665,1.5474483302863176
1669,2.344583127263914
1670,1.5647505071975532
1671,1.7370313054666395
1673,2.337965481508971
1674,1.09672374460473
1675,0.5952389798702131
1676,-0.3400206884895878
1677,0.5191670808477862
1680,0.33150254257047096
1681,-0.0519976538040271
1682,1.4109957131065474
1683,1.1960171679173548
1684,-0.5033728549906732
1685,1.1567727477906686
1686,1.0044331643361204
1687,1.3494443314780635
1690,-1.7264992948279159
1692,-0.3862488610577899
1693,2.4137704768219397
1694,0.9060999382091075
1695,2.2920576066618246
1697,1.1371252419733566
1698,-0.1371224865998449
1701,1.2927341464971032
1702,0.48773055998385845
1703,-0.7205525777212831
1704,2.5353031189121498
1705,1.0177736697924837
1707,0.3341291045297796
1708,1.8042962241496843
1709,1.2686176424308842
1710,0.44133271086578346
1711,1.6229064710794225
1712,0.7358883024098852
1713,0.8589683988128535
1715,0.4332219205006449
1717,0.5064221223930861
1719,1.1489898227194604
1720,2.4984046214348368
1721,1.2244992388387081
1722,0.8429193733055763
1724,1.395194050226856
1725,-0.13317152102004703
1727,1.0059143076079087
1728,0.8297835305443073
1729,0.9759640000315691
1730,1.3273730076733092
1731,-0.85347556193159
1733,1.3235415183495278
1734,1.7406177133993603
1735,-0.5113083051806726
1736,-0.2552011016549478
1737,2.7880325317249093
1739,-0.0898156773205851
1740,0.9345547960012518
1742,0.6744350215606383
1745,0.6943117634138746
1746,1.1966797840643175
1748,1.0503517996642018
1750,0.6517169298378814
1751,-0.41382178004177866
1752,1.5961612870975785
1753,-1.637220494738941
1754,1.687291948680859
1755,1.321862188661453
1758,0.06691537725428962
1759,0.9211158853265534
1760,-0.7005806052783923
1761,0.1270535254019095
1762,0.4121403423306451
1763,0.2550058768290221
1764,-0.025169698343531388
1765,1.8960209896491103
1766,1.8370626760608506
1767,0.7811778433780299
1769,1.8879345108269032
1771,2.9241277481081625
1773,2.105181684312155
1774,-0.7171264484558493
1775,1.2912391302967563
1776,0.5626437578124732
1777,0.32004435325555125
1778,1.093173751619789
1779,-0.5876419569164633
1783,1.6695862127380467
1784,-1.0284530855478375
1785,0.21655549420457082
1786,0.7380864322411688
1787,2.6596838432705328
1788,0.9895323180695625
1789,0.6247020572304556
1790,0.7410639915747994
1791,-0.6498932917893605
1793,1.1296604329030078
1795,1.0540170378873714
1797,-0.7217786714741133
1798,1.4493108224847666
1799,2.104136675003595
1800,1.5911844956941783
1801,2.3578567555653747
1802,1.7270134285155743
1803,0.7564844644690125
1804,1.6960934680392197
1805,1.3464175237482152
1806,1.7761305252385016
1807,0.9013417519370731
1808,0.773501571591243
1810,1.1076405886170202
1811,-0.7446368891544493
1814,0.6668330138984363
1815,0.5224094422529353
1818,2.5835162796893174
1819,0.9191133776197358
1820,0.3030195937969842
1821,-0.5953340460320632
1823,3.0758154164287816
1824,2.241759262605302
1825,2.2502622884999415
1826,0.4008110113455712
1827,1.527743755906859
1828,1.880031433236946
1829,1.3981121747054066
1831,-1.0865902217125956
1832,-0.33167033504246013
1833,1.1350560151181994
1836,1.6464396829109964
1837,0.9047493074995014
1838,2.244561953960175
1839,-0.20398538922985754
1843,0.44716740418820605
1844,2.0617496515878844
1845,-0.07941224377580708
1847,0.3045584986951617
1848,1.1319209723083592
1849,1.1686539996603147
1850,-0.39219187345428536
1851,1.061811337362488
1853,-0.459601190421997
1854,1.8978654008126479
1855,-0.19612758382921386
1856,-0.44358958140159793
1857,-0.5052053189016961
1858,-1.4740868477816846
1861,0.14370763718078894
1862,0.21142160198658244
1863,0.3297844224632608
1864,-0.346300607151255
1865,2.5745159570356675
1866,-0.34326454559179
1868,1.432698111329371
1870,2.6805769005095765
1871,1.3550525016584867
1872,2.2131822918052757
1874,1.6282290151573244
1875,2.383973603479604
1876,0.4463540950496285
1878,-0.9803293812135788
1879,0.7985172832334392
1880,0.1235937749037489
1881,0.9275954221294722
1883,1.1979896982602993
1884,-0.21763417351238434
1886,2.643976176190943
1888,0.06514619367270597
1889,2.325924230564259
1890,0.6871337409227241
1891,1.064247578659987
1893,2.1542429661415357
1897,0.5170505194476276
1898,0.3182002412999466
1899,1.4437624222539793
1902,0.09972690285097818
1903,1.632245487628354
1904,0.05845807946453929
1907,0.9652628314561505
1908,-0.8442737874966696
1910,-0.8907016950494787
1912,0.15718385042929706
1914,1.6104291661811574
1915,1.6106889055263356
1916,-0.5906575232013073
1917,1.5487003230548693
1918,1.5047615525930313
1919,0.6039537394287778
1920,-0.28560457651926696
1923,0.9659227761290933
1927,1.4538937765042532
1928,1.2856216515500487
1929,1.5281514725252276
1930,0.023523336250940385
1931,2.969994737562165
1933,0.9127781417171313
1934,1.5438548640954792
1935,0.6265104196358292
1936,0.4235676913629296
1937,2.554183511729891
1941,-0.26393629427489923
1942,-0.19643499249393181
1945,-0.45531868348395077
1946,-0.220904947992118
1949,-0.44591216012745505
1952,1.0785927087200073
1953,1.230001657661493
1957,0.770188333684557
1958,0.3522626504427904
1959,0.3998442879323568
1960,0.7965590709263941
1961,0.8548184211380927
1963,2.7957625634072
1964,0.777750113857095
1965,2.1983696437776277
1968,-0.7393637932132079
1971,2.1885240470480727
1972,-0.13539503506897732
1973,-0.04440339632848722
1974,0.1965755057180354
1976,-0.1448960479178558
1977,1.5482796812777515
1978,-0.1841084015395249
1979,0.20949574781599156
1980,0.8860584442170114
1981,0.8815371638392774
1982,1.0556241770061412
1984,0.4443569999484946
1988,-0.20003249069574267
1989,0.32910499948212746
1990,1.7716776192365682
1992,-0.45421762137770205
1993,0.6971499089966663
1995,0.8108981461735731
1996,1.4972543169973838
1999,1.5218528025469176
2000,1.6925201673518353
2001,1.2175945759024176
2003,1.1497481404302656
2004,0.7609263142921056
2005,0.7545669210447609
2007,0.6409237856468433
2009,1.0243941658696354
2010,0.357198504535008
2011,0.6845008714256854
2013,1.3151977980430587
2014,-0.05705647369318745
2015,-0.20597918061555737
2016,0.24699591060169698
2017,0.7987395500899874
2018,1.5055541571263664
2019,0.5743773390832645
2020,1.9119280719874212
2022,2.3989019702173384
2023,2.006809588174073
2024,1.6930189862894878
2025,-0.865412908631682
2026,-0.044117937312033284
2027,-0.26925835718874624
2029,1.8838775184088439
2030,0.9111317621467233
2031,1.9696804760864342
2032,2.560563104684418
2033,2.4981727463590557
2036,1.350991933451502
2037,1.260898511510034
2038,0.6416768840655194
2039,0.3011861045665774
2040,1.4685997805731872
2041,0.009655475697605345
2044,0.9045887611343311
2046,1.3355931697357406
2048,2.3093405152194175
2050,1.0081833219885876
2053,0.236239012502822
2055,0.24231519253851044
2056,1.3235357945572395
2057,0.0805995495595152
2058,0.5945390384408615
2060,0.7775323408246332
2061,-0.0016720417761836304
2064,0.3989357942021178
2065,1.4231583920582012
2066,1.8281511400249422
2067,1.9285787949666378
2069,0.6956616583946157
2071,0.30677095649385644
2072,0.8959938080085431
2073,2.1919014605223026
2074,0.5144691046822173
2076,1.0267599252124326
2077,0.541105371401913
2078,1.3465219871078515
2079,-0.5524839371060444
2080,2.4638764344664734
2081,0.5660682606564321
2083,-1.731453041226318
2085,0.7159412447401432
2086,1.2633445974592798
2087,-0.1514971571829869
2088,2.448241091413685
2090,2.5012382049046744
2091,1.797453396805062
2092,0.15432486544541546
2094,-0.25805103364093496
2095,-0.17724823551926294
2099,-0.4199900694135266
2101,1.0257788052056527
2102,0.829309242457756
2103,0.22543729837714088
2105,1.5195375957306334
2106,0.30966546420628643
2107,-1.2260746081698564
2108,-0.35108637469930315
2109,-0.31923073084042936
2110,1.9635728840605082
2112,0.36695166263358464
2113,1.4488626189681484
2114,2.0230470883468237
2115,2.685983851016705
2116,0.5195823121535332
2117,1.6018124723155893
2120,0.650165550192004
2121,0.7465113124255052
2122,1.2246527784550438
2123,-0.04505327941870341
2124,-0.10648758980766793
2125,-0.41525388233071747
2126,2.214612186611623
2127,0.24085425155334783
2128,1.5511716529780604
2130,1.0297622931463315
2131,0.6801188423983362
2132,-0.04903513112824942
2133,1.215553607816755
2135,2.716189650412574
2136,2.384737000518407
2137,-0.9144839041071899
2139,0.9379090764655909
2140,1.5817891830647466
2141,0.8759501988492866
2142,1.5920275754372892
2143,0.3127354217859558
2145,1.5455766204397323
2147,-1.3437671049456417
2148,-0.054865945063344745
2149,1.4984148173549794
2150,0.9643470404517565
2151,0.5340460795896818
2152,0.1718352577143446
2153,0.40757892196098094
2154,-0.5537798898143084
2155,1.7534614318714206
2156,0.675441581652695
2157,3.614750258815723
2159,0.5298904710372239
2160,0.7875288079941248
2161,1.453307197615495
2162,0.3464397578543989
2163,0.4334129258734321
2164,2.6855470637761183
2165,1.3639740997682153
2166,0.9924525268850525
2167,2.222952595458886
2168,1.9100796239936355
2171,0.6508602328936937
2172,-0.489976586845234
2179,1.974128680956337
2181,1.39416858255739
2182,0.9050071951676059
2183,1.5691988768058143
2184,0.31618807329207943
2185,1.3181844280362827
2186,-0.049317075592312326
2187,1.5733701034531065
2191,0.28593734562549605
2192,0.7871015180798125
2193,0.6294958417604437
2194,-0.19621071803911955
2195,0.6374446380003426
2197,0.5194114666549355
2199,0.8618608416507976
2201,-0.31667954569102696
2203,0.7223837537826765
2207,-0.4275436934821174
2209,0.8075661588134806
2211,-0.5484733873975713
2213,2.5417454347968778
2217,-0.7884599400103349
2219,0.9602342146915457
2221,0.2337707037418516
2223,-0.11540814363210256
2225,-0.023916549418614846
2227,0.4886736119530425
2229,0.8024774202567834
2231,0.06553351358615811
2239,0.623528733760431
2241,0.7652489229564844
2243,0.32866454217244195
2245,0.9428579192089078
2247,1.2322652399897511
2249,0.3772722200496744
2253,-0.004719350583614612
2255,-1.0754632405005007
2259,-0.028410665804057156
2263,1.3149508679858655
2269,1.0090639859906043
2273,0.1862309680301612
2277,2.055150849523753
2279,1.456691356274464
2281,1.8524038281902375
2285,-0.35317770249220937
2287,-0.6493081778112886
2289,0.26600162312254805
2297,1.087953616423391
2301,2.088228551999264
2303,-0.670217766923882
2305,1.8842353194841683
2311,2.887189530053008
2315,2.2676937504239887
2317,2.0475086443311334
2323,-0.36731551792554534
2325,2.2434389226339806
2327,2.0945397919484217
2329,1.311649438087925
2333,1.236625989089818
