1828
3700
1221
3067
4738
1769
3648
1925
3304
4398
4392
3505
1211
200
4674
200
268
3007
3556
981
658
3183
3470
3761
3833
763
3407
4874
1750
1265
1679
3649
2175
2439
3992
4900
1435
1455
2816
3566
2406
273
1507
2336
2147
499
2838
534
4195
3768
2656
3488
4124
472
4846
1120
4504
3446
1359
4023
2317
2344
39
2817
4153
2786
3669
918
3430
3370
1742
2706
3978
4412
4947
924
210
1906
494
5014
2838
388
574
4541
3337
1200
167
560
1695
1755
1919
2798
4061
4534
1143
4163
2102
2110
2864
4742
1564
1527
4272
785
484
1636
1779
2845
860
55
354
948
4275
2241
1045
3639
3052
4817
147
3912
3952
1344
4678
3846
4184
2279
3085
1795
2208
1479
3966
268
1522
2565
1894
4115
2136
1129
4025
3279
4658
3692
1129
1362
2004
831
1099
4442
1546
2515
3367
670
911
1146
72
4281
905
2241
1129
1619
2557
495
4983
3598
1179
2319
4065
996
793
3486
671
254
3898
1095
1664
862
2140
1304
1929
252
2343
748
732
4015
601
3944
4845
3652
713
4217
4387
2940
4998
1838
3205
3053
2777
1910
3016
4518
2348
4850
3673
198
589
4587
1788
3310
2353
1219
4635
3189
2439
3205
4804
799
3774
801
3696
4562
59
3681
4885
194
25
264
217
4873
4629
3644
1990
1028
1642
107
2231
104
4963
167
1086
2597
4655
3967
1173
2430
4109
3
373
4507
4443
1687
651
