ID,y
1001,-1.5153736108532114
1002,-1.264982989976656
1003,-0.11707411029508807
1004,-0.24248364193694705
1006,-0.020846933333217743
1007,-0.6494670282813636
1011,-0.2704609027049604
1012,-0.9598080257471915
1013,-0.13151714387210303
1015,-0.5022545985142
1018,-0.39283841893949456
1019,-0.6018789457864213
1020,0.5641155148909579
1021,-2.25438026835882
1022,1.1688343559817413
1023,0.003289796435445941
1024,1.758176320610948
1025,1.0444553872028233
1026,1.5231821439423712
1027,0.09098651717493444
1028,-0.2536873642741631
1029,0.314330876964348
1030,0.5155402532944007
1032,0.27380172075227593
1033,-1.0720950837125744
1034,0.8388568718757642
1035,1.0036634768121835
1036,0.8281482547812817
1037,0.5182703525472231
1038,0.2631999144560445
1039,0.2837389920509911
1040,0.23468086198212273
1041,0.7575093410491291
1042,-1.0598138069001353
1043,0.10673502555806264
1044,-0.44163149495816995
1045,0.8429169343701441
1046,-0.21516629498811773
1047,0.9214845007491879
1048,-0.8254224673979624
1049,0.9005832914062695
1050,0.8359083886955426
1051,0.8367255069386492
1052,-0.6047523915597943
1053,-0.42818576448325574
1054,0.7383805420478743
1055,1.432856262990363
1056,-0.043749933998583734
1057,0.992802419966061
1058,0.014845606508994231
1059,0.3637696437829189
1060,-1.0987763866493592
1061,-0.1776628270108528
1062,-0.3731538718454121
1063,1.1294634451721528
1064,0.519773994348581
1066,1.8632252025042917
1067,2.063693135193094
1068,-1.9154313433491383
1069,-1.3470855558662003
1071,0.8376062827883969
1072,0.8655028977040561
1073,0.6197084827723535
1074,1.4426658972889013
1075,-0.06671681570076327
1076,-0.3304127947164938
1077,0.13908197703783243
1078,-0.17801158411675472
1079,0.6580236794682822
1080,0.04866246351058895
1082,0.12237823633179337
1083,-0.8311104861517606
1084,1.3122843103287969
1085,1.2340223756460102
1086,0.734343063525745
1087,-0.298218889493453
1088,2.2197811040005586
1089,-0.5522253988520012
1090,-0.46721790006845365
1091,1.167406203600031
1092,0.286086524063413
1093,0.11814288668007561
1094,0.19065496786260033
1095,-0.11704978330417515
1096,-0.37367823114316256
1097,0.34676484146188663
1098,-0.5252741260560285
1099,-0.5885330781121649
1100,-0.9351521812780901
1101,0.008059070013911832
1103,-0.8254709670352862
1104,-1.3733122714011476
1105,-0.1890212042594812
1107,1.4702799169940197
1108,-0.4233782159454637
1109,0.374294116735161
1110,-1.4223402198323993
1111,-0.6147320647849817
1112,1.8331218744043363
1113,0.14524428573623394
1114,0.8487656771596483
1115,-0.8462454417758527
1116,-0.6569560347772108
1117,-0.5776368731894338
1118,-1.4542868184798303
1119,-0.967753069941194
1120,0.4115992050904272
1121,-0.7734439203076876
1122,-0.6123007254104278
1123,-0.36115867214801384
1124,-0.45880410231617214
1125,-0.3486046591907134
1126,-0.7756282722595281
1128,-2.3767601968064316
1130,1.1128184129443635
1131,-0.25686503166756514
1133,-1.3612129498605536
1134,-0.9387333903612045
1135,0.6642400517466085
1136,0.5444571254059225
1137,1.6884694154161577
1138,1.3149371341807652
1139,0.34804361623528646
1140,0.5271245289050532
1141,-0.9235451951360729
1142,-0.14032875687110025
1143,1.2955676654134929
1144,-1.7372495096528198
1145,1.215187352456063
1146,0.5601347312304732
1147,1.2908571299094094
1148,0.8409774922359949
1149,-1.1427053140343575
1150,-0.2436911261817341
1151,0.8686805803356785
1152,-0.1317990734050718
1153,1.1986610004681237
1154,0.6270658133320659
1155,0.3757841230751976
1156,1.154640403615508
1157,-0.30595582285894607
1158,0.4975399044333093
1159,0.6452989788921503
1160,0.7456986123762859
1161,-0.5831716544620507
1162,-0.5928219155810635
1163,-0.6970526855390567
1164,-0.840234378911224
1166,-0.15889971670522696
1167,-1.3362921158088836
1168,1.6189255189197633
1169,-1.4666924934159176
1170,-0.12202295586517337
1173,0.3865515597051355
1175,-1.2655775001693992
1176,0.989419817264854
1177,0.8423980137824486
1179,-0.16655265070782166
1181,0.18788555813164995
1182,-0.1419513272848869
1184,-0.8095404622923776
1185,-2.5969194428376605
1186,0.9104025954028075
1188,0.029692357157190097
1189,0.2414340642126832
1190,1.1723749217753412
1191,0.2300541195322831
1192,0.3724721058701951
1193,-0.0633541613582232
1194,-0.5682214552153962
1195,0.5112040011462882
1196,0.25885887300123755
1197,0.9866512993474894
1199,-0.8179383641211829
1201,-0.012270557907907098
1202,-0.301483342204256
1203,-0.10251647987470025
1205,-0.9262695833615219
1206,-0.1838347022607429
1207,0.8354397105390355
1208,0.10494018891083512
1209,1.178293954653217
1210,0.2815920973805032
1211,0.967048058101335
1212,0.38011723100970196
1214,1.2806094936161079
1216,2.355114991271714
1218,-0.37658676619720016
1220,-0.061867795629003686
1221,0.6134532047852027
1222,1.4648418902239495
1223,-1.1917337868412692
1224,0.07619868365534344
1225,-0.9821344750920926
1226,0.10240695346222345
1227,-0.3832682681602769
1228,-0.6844334071187946
1229,-0.9419325130644113
1232,0.6896484648497203
1233,0.6798093530151812
1234,0.5012488485091194
1235,-0.8244883782505776
1236,0.1863047224115673
1237,0.9362136552702311
1239,0.08530381838024192
1240,2.596806619799329
1241,-0.5962872075876693
1242,1.0783189932665351
1244,-1.8165559710469013
1245,-0.466808109634109
1246,1.691574944462719
1247,-1.1977831071249838
1248,0.97433291253361
1252,1.5746870846024477
1253,0.3977958848999939
1255,0.26673585710164077
1257,1.2771084728703164
1258,-0.10725593709918613
1259,0.21181933007557985
1260,0.15719048121350082
1261,0.03584549473865134
1262,0.52459545488127
1264,0.16568203208647203
1265,1.0717382975352265
1266,0.08052680760323627
1267,2.6614653253999396
1270,0.9747460461338192
1271,2.9869600784264643
1272,0.924345036123189
1274,0.8697814728170326
1275,-0.5262300316777792
1276,-0.38685281052651815
1277,-1.1973947636266404
1278,-2.602455986972519
1279,-0.5883411874908834
1280,0.14888407957508049
1281,-0.108745727894904
1282,-0.03523380690020733
1283,0.4344895856117365
1284,-2.474916627263627
1285,0.3099095026265863
1286,-0.7415715942298057
1287,0.6559285501177086
1288,-0.23971762153792953
1290,0.5706873146591487
1291,-0.5072115341010924
1292,-0.05330288228413349
1293,1.0144472273140779
1294,0.02252740413764709
1295,-0.8840278830719965
1296,-0.9245403743584493
1297,1.536249603124436
1299,-1.3461392738664961
1300,0.5177195918128222
1301,0.1067901328424748
1302,1.5844905810548002
1303,0.7171096226988332
1304,-0.37818859149259776
1306,0.4271583802146991
1307,2.170959085663683
1308,0.6362615086424269
1309,-1.2855198886637815
1310,1.4075805983579346
1311,-0.074673384573061
1312,0.08511214867332101
1313,0.2953828945618582
1314,0.38377699874794
1315,2.366614439033079
1316,-0.3459775693746709
1317,-0.8001529988437619
1319,0.20307064877044817
1320,-0.32418406592690685
1321,0.7365403044550034
1322,-0.8969718175888217
1324,-1.855204878434602
1325,0.6245252107660124
1326,1.1205019394339732
1327,0.7204062971801936
1328,-0.2512100421945311
1329,-0.8417671102170378
1331,-0.41659217614884325
1334,-0.20035766394036164
1335,0.3322827740209651
1337,-0.847922272679579
1338,-0.5075004140826485
1339,-0.041070598886166654
1342,-0.7820510184104427
1343,0.41223937400895266
1344,-0.9657702890639612
1345,-0.3723400728556757
1346,0.15137222595929103
1347,-1.5636974331396123
1350,-0.7031885654704266
1354,0.5966440100397683
1356,-1.9207435304359906
1359,0.2836527148053922
1360,0.40240612313006613
1362,-0.46800066910052196
1363,-0.8367782436559246
1364,-0.10094443756203753
1365,0.19865465350862088
1366,0.36741127354779046
1367,0.6332750127962741
1368,-2.3827523472190646
1369,0.9549197747565387
1372,-0.112356313729633
1373,0.02054212167807884
1374,-0.7062460270765769
1377,-1.5428779021342778
1380,-0.14482534854446305
1381,1.0596739898473948
1382,-0.08015698444750763
1383,1.7029469779610802
1384,-0.2691372700792756
1385,-1.2349654988633545
1386,0.5376634008459498
1388,-0.3367415906612119
1390,0.34245226724641453
1391,-1.2154688815823853
1392,0.38390616927217225
1400,2.1732986229468843
1401,2.4358171535353152
1402,0.1485274863131324
1404,-0.6512826588041851
1405,1.3384966891342855
1406,0.8434168865623829
1407,1.2136208666078483
1409,0.952937840932264
1411,1.2629555801049426
1414,-0.5385194894969799
1417,0.8596088856160161
1420,-0.13379772744193308
1422,0.6390817890618359
1423,0.8956548725932523
1424,-0.276517846162756
1425,0.24341978921203739
1426,0.491550451333018
1427,1.410474757642282
1428,-0.24181859173115175
1429,-0.3976583713179822
1431,-0.5389433114755555
1434,-1.1746313656805556
1435,1.342498583857689
1436,0.5517634979001687
1437,-0.7654720972384027
1438,-1.3063140773942608
1439,-0.26548794119740315
1441,-1.4839995799595425
1442,0.5047969518077364
1443,-0.31006645077043415
1444,-0.9468432740393096
1445,-0.17850433009333783
1446,-0.07181446225463739
1448,0.13780925586692114
1449,0.5287580238576923
1450,0.013422520618361744
1451,-0.31674195978594566
1452,-1.4819496972929238
1453,-1.440768769864524
1454,0.7228619639514984
1455,-0.7033710929248438
1456,1.0167650460613662
1457,0.1259900010921076
1458,1.0799127329715594
1459,0.9584917475014763
1460,1.7779107270650187
1462,0.953098151167137
1465,-0.9849723783352089
1466,0.16468302467757992
1467,-0.692812960638408
1468,1.5602248798530165
1469,0.3998090148844524
1471,-0.38424042168826866
1473,-1.5357452656392963
1474,-2.244518386382484
1475,0.8599680708995361
1476,1.8352586680609246
1477,0.10018589034598302
1478,0.6603849758360057
1479,-0.9305691411834949
1480,1.2214154906664134
1481,1.0701039617646733
1482,2.178269569839607
1483,0.6254768905840616
1484,0.8724086219970597
1485,-0.46141984531351843
1486,0.5730375738450351
1489,-0.7370353353396273
1491,0.8478193272645476
1494,-1.5458395094033102
1495,1.0413828220538568
1496,0.704942939662117
1497,-0.022565462216597942
1498,0.9551970722113183
1499,0.35186382859653575
1501,-1.0530400672550249
1502,-0.834411899570789
1503,1.4403915231365454
1504,1.0381199733104136
1505,-0.36607472430932253
1506,1.2247573016911195
1507,-0.2130019819857295
1509,-0.7363655082508826
1510,0.4675182067651723
1511,0.04183400048306669
1512,0.48719763429707447
1513,0.6553944388716497
1517,1.7766252131269193
1518,0.1956304644005064
1519,-1.3311135597093537
1520,-0.7990824385568711
1521,0.172546366428587
1522,1.4789447979639283
1523,-1.6604728220820384
1524,-2.0099291253679774
1525,-0.2962160082141304
1527,-0.3625872191980907
1528,-0.14414239130097023
1529,1.5904153947290534
1531,-0.8279543111955262
1532,0.5260581152774365
1533,-1.997503948021028
1534,1.350793600204077
1536,0.1357735280486555
1537,0.004695720236452053
1538,-0.02138723321164468
1542,0.9826916529406748
1543,-0.30075197207395177
1544,0.5212767077259801
1546,0.35971856036284966
1547,-2.577730159459909
1549,0.07141089623084984
1552,0.8116378427953994
1554,0.39038789248221883
1558,1.4848419760222398
1561,-0.32963165447350107
1563,-1.8972943177228243
1564,-0.9016886986222871
1565,-0.4916073457438362
1566,-0.19310340126608472
1567,-0.3174782391190416
1568,-0.5233123110747414
1570,-2.2079563546219187
1574,1.098263995926077
1578,2.063304440889671
1579,-1.1754859350982305
1580,-0.9397490319336756
1581,-0.2784204704685554
1582,-0.40240397892668267
1588,-0.502859596543728
1589,0.70267701150529
1590,0.17794857935314623
1591,-2.402953783078139
1592,-0.9251332042173348
1593,-1.6344651819874687
1594,1.9415990724474708
1596,-0.2883421595620467
1597,-0.6439888969078523
1599,1.4789408677523568
1604,-1.9295088614669231
1606,0.5156029758003033
1607,-0.7271544895891227
1608,-0.09165110005746696
1610,1.020462813325716
1613,0.6662659881417906
1614,-0.4217514863512391
1615,1.1248951625902486
1618,0.6517640571186738
1619,-1.3660100561715414
1620,0.9620772318262021
1623,1.0643108083501511
1625,-0.9411568275426135
1626,0.7128284299127741
1627,-0.3573188767417692
1628,3.0473025877536513
1630,1.6066428914306738
1633,1.0028096673357758
1634,-1.5063006433575363
1635,2.0182994519181605
1636,-0.3862088511971124
1638,0.0415119999923807
1639,-0.5346119518203835
1640,-1.9719679598536186
1641,1.053338684144714
1642,1.3952660591797337
1643,0.18897651194568435
1644,1.8021545935796044
1645,-0.12055362029524702
1646,2.221026752814556
1647,1.1474134115300605
1649,0.7923333330909899
1650,-0.6077428693664821
1651,0.09667417293390568
1652,1.078360295197153
1654,0.9075046556161226
1655,1.4873388947911759
1656,-0.7708199897428395
1657,1.1315437249126035
1658,-0.20241254493881766
1659,0.6450224033972631
1660,0.7044321837928638
1661,1.2293844246588075
1662,-0.15612414677924358
1663,1.2159209538153195
1664,1.7899550413884482
1665,1.6718872733628183
1669,-0.8251962171385685
1670,0.9093095758041183
1671,-0.03134294589186731
1673,-1.1052740412157587
1674,1.1613043470918987
1675,0.862275295178762
1676,0.9215934301375925
1677,-0.21887058613117444
1680,0.3814073584672022
1681,-0.15824444502491875
1682,-0.6985995501648131
1683,1.438897244803024
1684,0.6428155503382487
1685,1.536251082461789
1686,-0.2309391324771421
1687,1.664743232957889
1690,2.034304732852161
1692,-1.869437401224402
1693,1.9422375722283372
1694,0.8808837992298184
1695,1.1833947104833462
1697,2.4392020236145053
1698,0.11930526870411175
1701,0.672419386369187
1702,0.7507776353586852
1703,0.9454311444383785
1704,-0.19655889379899028
1705,0.37329622067933643
1707,0.20385884304941737
1708,-1.0176387300848946
1709,0.37419295816930453
1710,-0.2509875935583966
1711,0.7592310652023302
1712,-0.6298562634844471
1713,-0.22789160821609533
1715,-1.1020062650606182
1717,0.6434013423003668
1719,1.2289074904637363
1720,-0.5163246315827945
1721,-0.4152639259513543
1722,-0.083258918454024
1724,0.3076177689578573
1725,-0.2421717441480221
1727,-0.7040859327558319
1728,-0.3124944704979632
1729,-0.10725619438674397
1730,-1.4771368315622069
1731,-0.4593819953304999
1733,0.8757919053411087
1734,2.0905329648498516
1735,0.46121927876511504
1736,-0.38997703684096285
1737,0.5080944293706547
1739,-1.4576281791334884
1740,0.8388047006302908
1742,0.533236896675186
1745,0.29939735482888885
1746,0.5479692336694401
1748,-0.14267786397325494
1750,0.1015518279874848
1751,-0.5319510375578148
1752,0.5995311069212877
1753,0.6925987872921151
1754,-0.9807987659945674
1755,0.4631805931251013
1758,0.4153206954491137
1759,-0.5448005269004499
1760,0.5531166659650901
1761,1.4727978449735777
1762,0.2692078200349576
1763,0.4255136053231796
1764,0.5805751137302628
1765,2.101030210079174
1766,0.04286410260841533
1767,-0.03679169382540087
1769,-0.4607481816685755
1771,0.004846622603152523
1773,0.2776455038062819
1774,2.030620604133816
1775,0.2795369135683635
1776,-0.8485645687227167
1777,0.1816189472879482
1778,-0.15928323335378303
1779,0.3029954799871021
1783,-0.7871156165887466
1784,-1.2724349085906388
1785,0.14207274879199042
1786,0.920638293767009
1787,0.6901973452497807
1788,-0.43741538163179716
1789,-0.3685562254377027
1790,-0.18617982783302686
1791,-0.3284834299699873
1793,-0.3841618174385186
1795,1.1870301480237249
1797,0.07350426136488397
1798,-1.59977392274441
1799,1.1242902064906415
1800,0.6343412411029621
1801,-0.0972650893753998
1802,-0.09938737521350413
1803,-0.1729771931185954
1804,-0.9149216236589776
1805,-0.45534105891550947
1806,-0.13183819637944844
1807,0.16820805656229643
1808,-1.6642408555284698
1810,-0.026060753393316274
1811,0.3510686413705304
1814,0.9394515162190689
1815,-0.22556810525580503
1818,-1.6743348802519342
1819,0.6155776256907173
1820,-0.6077530456018426
1821,1.0520690451183388
1823,0.14997534904765009
1824,-1.289330927470267
1825,2.9374084830168052
1826,0.2943204028966919
1827,0.662795613737506
1828,0.713443360139265
1829,-0.8202360867776995
1831,-0.2669022398189417
1832,2.7666370588212867
1833,-0.10576609023111003
1836,-0.79713739022853
1837,0.9532442080659942
1838,1.4348890643430492
1839,1.5367011103409682
1843,1.728465051430417
1844,-2.198213019156488
1845,1.9092167039734238
1847,0.510737607814143
1848,-1.6810495776736967
1849,0.08459917859168264
1850,0.36595854492066837
1851,1.0580503511199029
1853,-1.4294802877961506
1854,-1.3370169280767041
1855,0.0016724274857398413
1856,-0.6477027302361051
1857,0.21459471209328618
1858,0.6622656141663404
1861,0.9258666248124015
1862,-1.3560275155204962
1863,2.9305664707104304
1864,-0.3608156575976776
1865,-0.3837427405753617
1866,0.7041707390059018
1868,1.1834901518651875
1870,-1.0445928850704131
1871,0.03922704561940371
1872,0.145216729225927
1874,1.024463374369048
1875,0.7820097573145279
1876,2.1933423021538743
1878,-1.289522190822665
1879,0.39250059161095907
1880,0.5619080982720367
1881,0.025919338559084598
1883,-0.4702949750010575
1884,2.101226841764839
1886,-0.6461126456596347
1888,-0.11539202120770928
1889,-0.17951297531566335
1890,1.132260079423512
1891,0.646358929464087
1893,-1.5791963721010545
1897,-1.1438862055532732
1898,0.9092664588150614
1899,1.0876945912201754
1902,-0.781021511105473
1903,0.45369322622754205
1904,-1.2875255523435678
1907,-0.9446021475328051
1908,0.646208459829985
1910,0.9224295632066358
1912,1.797712461781627
1914,0.09935959450830184
1915,0.7120491724894088
1916,2.1044260423632744
1917,0.1874931798314312
1918,-0.5068999505867279
1919,-0.12871697278374805
1920,0.4138828888363484
1923,-1.0177512139256684
1927,1.0856093068940482
1928,0.4601809023191185
1929,-0.7703750062074188
1930,-1.6913026050245854
1931,0.7044409290953526
1933,-0.8127564488301757
1934,0.9838639480068763
1935,-0.18724423716117947
1936,-0.11250936646806842
1937,-0.0136165280157734
1941,-0.8131151946961885
1942,-0.3334515412404001
1945,-0.810638024094291
1946,-1.0486901569707479
1949,1.3516126158536594
1952,-0.16536320921096626
1953,-1.2598495198094137
1957,-1.3880473301240814
1958,0.6951313556819503
1959,-1.0167735395603148
1960,-1.0644485083968356
1961,1.0223251885995344
1963,-0.6649530856262487
1964,-0.25807898795907747
1965,-0.8536892861969947
1968,1.0113753686280536
1971,0.5594437177186968
1972,-0.2947986599047715
1973,-0.09244237934887889
1974,-0.275386225309805
1976,-0.23143481789427556
1977,2.89262759174861
1978,-1.661781776943849
1979,0.5415612950194975
1980,-1.8262383776838806
1981,1.6359235693786827
1982,-0.9722988200870836
1984,1.5335135999186622
1988,0.2988184821484179
1989,1.6985320553149883
1990,-1.902173939923685
1992,0.05303678911141403
1993,0.35132520605304657
1995,-0.6033022920268192
1996,-0.28651473324333226
1999,0.1295921324975033
2000,0.2544839159234151
2001,0.8273169370837881
2003,1.2973970445431775
2004,0.5541299858617686
2005,0.4673129062397573
2007,0.12384553137104704
2009,3.341148167380125
2010,0.48811122389403694
2011,0.8813801378283056
2013,0.7083994540491139
2014,0.849994929496222
2015,0.897136388786879
2016,1.2726251567020508
2017,0.28425908065732064
2018,1.670255138091644
2019,0.8898829560528821
2020,0.5647568156447872
2022,-0.8183626360179994
2023,-1.563234393706185
2024,-1.4214272278356122
2025,-2.0060025061058475
2026,0.7514158643481502
2027,0.4763127993394382
2029,-0.09386456922481506
2030,0.7589662448838717
2031,-0.8115805034286392
2032,-1.8396423497881003
2033,0.9459313150353853
2036,-0.1581156878340213
2037,-1.1718604158605188
2038,-0.38731919120322456
2039,1.095926171269177
2040,0.25035375946433347
2041,0.3619163403860106
2044,-0.843744829163795
2046,-0.1014222050216469
2048,2.6079972296373484
2050,0.7170874846544858
2053,0.31644651421614733
2055,0.6159710047799268
2056,1.008009751790345
2057,-0.5083458471181597
2058,0.48814215904976077
2060,-1.1188717932915666
2061,0.6408809956787997
2064,-1.4245671842688
2065,-0.027987166251852172
2066,0.42553769457883805
2067,-1.5243179479036932
2069,-0.4085832721620179
2071,-2.3484971849311362
2072,0.19624703610934574
2073,-0.854220979303018
2074,0.0944341421332755
2076,0.27056792671029417
2077,0.5738493935810026
2078,-0.5495635695951104
2079,1.2024081110530553
2080,0.2783034312526222
2081,0.6624375698785165
2083,-2.0947494371194253
2085,1.703554643678224
2086,1.8008352500980171
2087,0.5248256782366407
2088,-0.14304967050291495
2090,0.2034477062759244
2091,-0.3236133864101844
2092,0.8021095008258546
2094,0.28548799867743757
2095,-1.2356490476166118
2099,-1.245979787181945
2101,-0.0725583989738342
2102,0.6374938849064552
2103,1.2327601921904012
2105,0.26595302231436696
2106,0.5472657632255276
2107,0.6363323652218557
2108,-1.112411227000778
2109,-0.4690533382322578
2110,-2.0792609584704005
2112,-0.5014187676263092
2113,0.9535008764602819
2114,0.18528016392205449
2115,-0.14490172187300132
2116,1.769494111905705
2117,-0.8747644475360693
2120,-0.77511925671668
2121,0.9455667120551504
2122,1.178331097310396
2123,3.2315365546429526
2124,0.6143400703087603
2125,1.6363191011680684
2126,1.00957400270917
2127,1.6417679381968981
2128,0.9423124993165863
2130,1.5841273266147726
2131,-0.5839089569773768
2132,-0.6758369044476342
2133,-0.44825674545039196
2135,0.013475117811529047
2136,0.34345211585165014
2137,-0.32664861248887883
2139,-0.3467751547247938
2140,0.27937230763000176
2141,0.06536484031286932
2142,1.2604030574922578
2143,1.7950695725480927
2145,-0.18879369786990957
2147,-0.29684202021959954
2148,-0.7956913806004317
2149,-0.4758300971193662
2150,-1.3740769927203422
2151,1.5681520866936944
2152,1.643282188126139
2153,1.1962137846628942
2154,1.5081102327523221
2155,1.9343158515643903
2156,1.3661357751019205
2157,-0.3020535441607247
2159,1.1854272547975937
2160,-0.33977210377798345
2161,-1.562891843360564
2162,0.17152085691410757
2163,1.983834888277292
2164,-0.6678681808875417
2165,0.5460385239668732
2166,0.22939739269977644
2167,-1.1417798544090756
2168,-1.346124912998992
2171,-1.5550404405890634
2172,0.10473468696146762
2179,0.7447260468391563
2181,0.8590202537388438
2182,0.08986438628710752
2183,0.6587203906683332
2184,1.984840320824795
2185,-1.3691953899957752
2186,-0.8843880766413343
2187,-2.5280488851996927
2191,0.9518832363449555
2192,-1.3138381641999208
2193,-0.5083443180130844
2194,1.230040470594807
2195,2.2362415256022645
2197,-0.45659324837710485
2199,0.95327528534933
2201,1.1662987610138058
2203,1.045014253338267
2207,-1.0116677250978388
2209,2.5779858214359566
2211,0.8090871777673071
2213,0.8159354278636726
2217,0.8121281779548332
2219,2.770390319915144
2221,1.2743334836069693
2223,0.4099619209886294
2225,0.6309127449169727
2227,1.1752881526008228
2229,0.6051963443242778
2231,-0.9482920340329456
2239,0.6067217992899969
2241,-0.867683129080067
2243,-0.6030818439715033
2245,-1.0173980166556427
2247,-0.9243030697084391
2249,0.08728353436002673
2253,0.55008661999022
2255,1.4395283395377976
2259,-0.6783568902939663
2263,1.1454191658897255
2269,-1.56566125844914
2273,0.5734303676289112
2277,-1.6322360643518874
2279,-1.4189190297717393
2281,-3.0211446681711256
2285,0.9864458079451289
2287,-0.23720489258244404
2289,-0.9476446949546395
2297,0.36149859560223024
2301,1.3378361604088715
2303,-0.570214010420369
2305,-0.6651373805312478
2311,-0.9992246308015841
2315,-2.4851038109486088
2317,0.42548125261487824
2323,-0.10176897758103062
2325,-0.0655333428846836
2327,0.06802539609678881
2329,-1.4598934855009662
2333,0.519767479718513
