3258
4632
1283
4404
13
4703
3778
1905
1409
968
1250
1383
74
2198
948
3296
1929
2181
3588
1725
1526
1227
273
3040
4002
1494
4913
1264
1409
1360
3539
140
1438
1675
1680
591
3385
3896
4761
4874
2145
2433
1983
330
3732
3328
611
492
4234
1733
4792
1087
5009
3255
353
3534
1682
3253
2737
1532
2632
4640
4699
140
4343
2290
3021
2658
4699
1633
2191
1637
4756
2172
3653
3565
4379
3758
198
2359
4360
3571
2742
693
4296
3318
2535
3816
1561
1107
3649
4928
1971
2517
84
2890
3821
154
1860
3033
197
129
4721
3016
3755
1400
3262
816
3380
4891
3680
2514
3839
2898
2138
591
1790
525
1347
1977
821
3780
4399
2480
1511
3194
3325
397
2459
3699
3205
1135
2664
763
1030
1950
885
880
1010
3237
2486
4300
1849
3842
4927
1897
2590
968
2444
480
1072
4747
3238
1384
580
1821
3397
1086
1738
1642
1013
3547
1823
272
2811
3282
2038
3294
4969
3711
815
3961
813
1035
2893
4389
1891
470
2062
2467
679
3888
4137
4547
3128
2912
2482
2733
1575
1514
3805
3272
580
468
4171
578
1188
1780
1357
4055
563
429
4777
2435
293
772
3197
2763
2788
4400
2194
1649
4162
3059
1308
23
2092
965
1290
2647
2200
2907
3663
658
2005
3026
1287
3298
3096
1818
979
1367
1522
9
987
1553
1264
4851
2621
2501
2001
214
4127
1898
1614
3817
2845
1962
3576
2037
1383
