ID,y
1001,-1.1271676081679838
1002,-0.32222575425826017
1003,-1.7433996044266848
1004,-0.2745292828458277
1006,0.9397678272060687
1007,0.4845554787572301
1011,-0.3455917883260331
1012,1.3402516378169516
1013,-0.49129158943337636
1015,-1.2003033470461577
1018,-1.1831391083061145
1019,-0.5750741784159559
1020,-0.15917847572440863
1021,-0.45728278264116284
1022,1.1079640414750416
1023,-2.1103604119244332
1024,-0.3916065712747705
1025,-1.7457621955483067
1026,0.3618835635453611
1027,-0.015958842851982846
1028,-0.680219653729272
1029,0.4210310564267282
1030,-2.0695580458275744
1032,0.5845374782077879
1033,-1.5570061210162007
1034,-0.8546405843002333
1035,-1.49877893263392
1036,-0.186873703280373
1037,-0.3917176876585289
1038,-1.1580995042443964
1039,-0.37008973743134593
1040,0.2800967763104766
1041,0.6094637052993873
1042,-1.2009361141810984
1043,0.5124155504936626
1044,-0.6122687201430993
1045,-0.3524730496982211
1046,1.493107553844364
1047,0.34288131103802344
1048,0.4248393143252549
1049,-1.0961775928203545
1050,-0.2774363198223832
1051,0.6491725842930066
1052,0.6846398474822222
1053,-1.7196736116706117
1054,-2.6779972550179405
1055,-0.9665590747990777
1056,-0.3270928262563874
1057,-1.2240367879120981
1058,0.7262055974659897
1059,-2.0630240704997016
1060,-0.3807900824991681
1061,-0.28811365953574253
1062,-1.4700345055297948
1063,0.03490680651830225
1064,-1.3036834017152519
1066,-1.1674668696169208
1067,-0.55098179226252
1068,-0.8370220065229383
1069,1.3987322148023866
1071,0.5027209811856677
1072,-0.22765999451239793
1073,0.2714472473308446
1074,0.85333224262383
1075,0.8830391514360618
1076,-0.171175058501563
1077,-0.6873843890736218
1078,0.6967756208600488
1079,0.048198595053238646
1080,1.3608396214868907
1082,-0.6868237273017291
1083,-0.9539674711871016
1084,0.30743947299433305
1085,-0.42721514738776534
1086,-1.5469817799608028
1087,-0.36040655072960803
1088,-1.3173729433336518
1089,-0.9326067292120511
1090,-0.6367002274705773
1091,-0.6007917927043037
1092,1.3472698737591444
1093,-0.987823925080499
1094,0.679331617244538
1095,-0.5016027166437753
1096,-0.303977311233068
1097,0.25143294542050393
1098,0.27982603911586135
1099,1.209796635664806
1100,-0.2963657757679231
1101,1.1728692568876427
1103,1.1940529303977883
1104,0.4490660823085767
1105,-0.7674583000016015
1107,0.24239375610202382
1108,-0.06956948918997491
1109,0.3991635219929083
1110,-1.2870175444288157
1111,-0.37536610609080784
1112,-0.3213584726840613
1113,-1.1520305372953314
1114,-2.0826708761103454
1115,0.5404802285231126
1116,-0.6641559184203606
1117,0.44315361552087484
1118,-2.114112220217972
1119,-0.16907016306873213
1120,-0.7840194242645298
1121,2.394609268389628
1122,1.2978226658323397
1123,-0.3659653215808546
1124,-0.4562050875154085
1125,1.3983439773411992
1126,1.2707728894276362
1128,1.397926542827137
1130,0.3110285696108853
1131,0.4644195054195405
1133,-0.3044342614336444
1134,0.7009910893539532
1135,-0.17849312432192938
1136,0.5209696709787843
1137,0.9690121079043658
1138,-0.24092272376066923
1139,0.5866491810092566
1140,-0.7834286116445125
1141,2.049021904973118
1142,0.8177481442907863
1143,-0.20577991501743673
1144,-0.7737874709535757
1145,1.2081403020431403
1146,1.6357189479276246
1147,0.009498770874794005
1148,0.29549568391129694
1149,-0.666017922177498
1150,-0.3850845621992934
1151,-0.2498544535817926
1152,1.3092704259156112
1153,-1.1015417589182148
1154,0.6256783763178944
1155,0.26652110001810725
1156,0.6796955399654678
1157,0.05893397836266023
1158,-0.21051126479731186
1159,-0.2586571482436116
1160,-0.8696156202613556
1161,0.8824083470465584
1162,0.5332489239849232
1163,-1.1753364694181323
1164,-1.1562408949237324
1166,-1.0710128406968462
1167,-0.9691325658130785
1168,0.7272734020407107
1169,0.3389733943207264
1170,0.6239240015163782
1173,-1.3910233925318511
1175,-0.43464320702960807
1176,-0.825911071140305
1177,0.10909707171093609
1179,-0.08451353480851331
1181,-1.0608330460967574
1182,0.39847480027368254
1184,0.8254652015654466
1185,-0.15870894068073424
1186,-0.21103683454094724
1188,1.0353711794491345
1189,0.0721908432610335
1190,-0.06137303766696861
1191,-1.4273976680569431
1192,1.4839078599239732
1193,0.8153304914521575
1194,0.5464658769178732
1195,0.3948763030464789
1196,-0.23733665511250923
1197,2.114290097959207
1199,0.5692309850109707
1201,-0.7596652165664749
1202,2.390541345440567
1203,0.29649758981034313
1205,-0.08929333325179853
1206,0.8644691725134808
1207,-0.26687185417953013
1208,0.7591014839137679
1209,-2.1597410315324495
1210,1.9664542666161222
1211,0.6941069154235996
1212,1.187834208222903
1214,2.191828124878729
1216,-0.38814581002124776
1218,-0.23317243978901242
1220,-0.23953418732598214
1221,1.8035716594087388
1222,1.3366648652850563
1223,0.9159682618232777
1224,0.06447397974197278
1225,-0.7519930758904658
1226,-0.47791511772110584
1227,-0.010459159935579332
1228,-0.45010708434055174
1229,0.8725364041686908
1232,0.6909278872574711
1233,2.9550103288680774
1234,-0.27150521596129396
1235,0.2823782771588118
1236,-0.17132683884659827
1237,-0.21983550680860975
1239,-0.310326181777421
1240,0.4851027283490199
1241,-1.1754610692351695
1242,-0.12687087548265524
1244,-1.2946164408532568
1245,1.9218588875897429
1246,1.1463852077164132
1247,-1.1792202263584655
1248,0.21064783249678232
1252,-0.2847037163818329
1253,-0.06843673061609751
1255,-0.49217743420274296
1257,-0.824036760425259
1258,-0.5580592775921462
1259,-0.6290573271114939
1260,1.9022802037560567
1261,1.3910104246407426
1262,-0.23201679862885688
1264,-0.612002702712375
1265,0.47618446554982147
1266,-0.09924526476565154
1267,0.9566444521150406
1270,-0.33147868870080643
1271,-0.09701796886839265
1272,-0.1946524335993606
1274,-1.7378273795235866
1275,-0.14624030481571876
1276,-1.0180770800380685
1277,0.650967718172901
1278,-0.5898691229961233
1279,0.5815068145306489
1280,-1.0263808628134097
1281,-0.4804843879733103
1282,-0.5882165159678003
1283,-1.3349654878333024
1284,-0.8542580654327913
1285,-0.7774017935287008
1286,0.862646754791946
1287,-0.48861887279753524
1288,0.15259306570179107
1290,-0.2684495541102285
1291,1.00664525294847
1292,0.6091858076499973
1293,2.171537253157302
1294,-0.6772161096648397
1295,0.5953866587069492
1296,-0.11580899191290717
1297,2.4170200016486687
1299,1.2044539575567146
1300,0.15668950189324682
1301,0.3667108690511152
1302,0.19575790614963962
1303,0.37595469967323647
1304,-0.6645067337481634
1306,-0.2584306880921676
1307,-1.4757884648232817
1308,0.8237917373053183
1309,0.6305216192896838
1310,1.6760115974277796
1311,-0.1582684925464919
1312,0.27058067337984193
1313,0.7982116252259216
1314,2.141780976708496
1315,-1.4335569103580466
1316,1.8633735848680653
1317,0.11301801457164917
1319,0.1187464321532068
1320,0.884346415733836
1321,-1.17121259845878
1322,-0.17280356012851908
1324,1.291545026029453
1325,1.3541330854191798
1326,0.8292768356075559
1327,0.7293789108550062
1328,0.6988510579823679
1329,0.3228268194322771
1331,-0.5868056345109384
1334,0.8065116432107341
1335,0.5109137542875275
1337,1.7507407147916356
1338,1.6781978548301422
1339,1.2027030763623667
1342,1.40313626197838
1343,0.998150855510585
1344,0.8332364901092096
1345,-0.19818840237631408
1346,-0.436318533423804
1347,1.5457733921083157
1350,-0.2612333612817104
1354,-0.7320615124478511
1356,0.5558877878989196
1359,0.7819386623006468
1360,-1.060036420499135
1362,0.16365121088832657
1363,1.0625858210945063
1364,-0.6125196549802507
1365,-0.19317786991963048
1366,1.57872323570702
1367,2.0059002268564834
1368,0.22191599649885219
1369,0.6160418672533277
1372,0.6995815463718501
1373,0.3826999280274816
1374,0.9057644635183675
1377,0.673179369574791
1380,1.700302614901441
1381,-0.1475091533689851
1382,0.5887897772298318
1383,1.7397909892339292
1384,0.9610073903061205
1385,2.1017561898823796
1386,2.896508563745428
1388,0.7644678718421248
1390,0.779538015030947
1391,-0.7676352545397694
1392,0.7029226965814863
1400,-0.2709556326045033
1401,0.505636154209874
1402,-1.594390024788824
1404,1.0125788294708227
1405,1.2618936626899095
1406,0.8341242722857327
1407,1.4904860041463444
1409,2.3691422681604104
1411,1.6973250729618217
1414,0.01989048000803928
1417,0.3101882612142185
1420,0.786988303214644
1422,-0.31222248932660795
1423,1.825017802076535
1424,-0.9586439943378142
1425,0.548580119612179
1426,0.7483902335452344
1427,1.3664429435224557
1428,-0.1137313497695232
1429,-0.21458635425011957
1431,1.9830356761060193
1434,1.2951789825385314
1435,0.05995839668123544
1436,1.1120732514652192
1437,-0.5606289557518015
1438,-0.9365127366055349
1439,1.091576740417483
1441,0.7669557076482393
1442,0.3491024609489961
1443,-0.7285954589837282
1444,-0.869318264133383
1445,1.5768413343968577
1446,0.48763139701009683
1448,-0.14374861744125655
1449,0.8553727359828562
1450,0.6259532832388881
1451,-0.19822554057702435
1452,1.322358771318319
1453,0.35988148890197597
1454,0.5078550109107367
1455,2.396605465195609
1456,-0.5669443975165652
1457,0.5445965040117344
1458,-1.7896843620284753
1459,1.117246306067281
1460,1.6801952327590346
1462,-0.8773821948361493
1465,-0.3116799385296911
1466,-0.26385388198146875
1467,1.2311598559644141
1468,1.4277131851039857
1469,-0.1682083307014875
1471,0.7462620879785241
1473,-0.643740248113647
1474,-0.7581023721226456
1475,-1.1171592491825078
1476,-0.9087066358316838
1477,-1.7969165300198657
1478,0.667913650840752
1479,-1.662026604256408
1480,1.5824463129991502
1481,-0.8781505000789586
1482,-0.6273929606422856
1483,-1.1413470552954106
1484,0.9581049311480646
1485,-0.5036364087812136
1486,1.2167608664257523
1489,0.2973654626702833
1491,-0.9808133152538049
1494,0.5290854402517362
1495,1.788110934907536
1496,-1.2713483750205035
1497,3.0358220198872297
1498,0.2973747960012467
1499,1.4578172210789409
1501,-0.8165833673287075
1502,0.6683599486848697
1503,-0.824696316784171
1504,-1.2803442378336152
1505,0.7406740194319046
1506,-0.06720600076101244
1507,-0.13789438868863724
1509,-0.49992398771161173
1510,-0.001115443330985344
1511,0.07703170855245595
1512,0.4740325568434803
1513,-0.9574315728330913
1517,-0.7786907585978824
1518,-0.25158778908217533
1519,-1.3741222902979
1520,-0.8180579317750056
1521,1.4623434194332139
1522,1.3423010242438378
1523,-0.02663412716820457
1524,1.3379467721268683
1525,-0.031351272323149465
1527,-0.3921586962593784
1528,0.5394426504830419
1529,-0.0682395580436535
1531,1.1816740701995998
1532,1.4719617645631151
1533,-0.9225303164460839
1534,-1.2318686774567642
1536,0.2852609503356629
1537,1.522337697998535
1538,-1.3502023259723068
1542,0.35696949818035195
1543,1.5361626108104638
1544,0.27276640214555836
1546,-2.661293752282418
1547,-0.4751227045690818
1549,0.05321869572783011
1552,0.39015187925013384
1554,0.1604476187291467
1558,0.8356605840183386
1561,0.938319160528487
1563,-0.6867002134683169
1564,0.8730436061209954
1565,0.2150149110429207
1566,0.3681845786664528
1567,-0.16481007429364566
1568,-0.8147262805673205
1570,-0.05069194422541627
1574,-1.341165807192099
1578,1.2133504055356175
1579,-0.7384392715880144
1580,-0.4421101379168977
1581,-1.183499609618836
1582,-0.6507919019047038
1588,1.06661584653806
1589,0.6462727127650866
1590,1.4669144120885813
1591,0.09375246486872818
1592,1.3352089981733837
1593,-0.5609214039908514
1594,1.5698702288336706
1596,-0.6736745090111427
1597,0.4172938151368323
1599,2.135961382673071
1604,-0.04710122718571452
1606,1.5985999361014867
1607,-0.7249723247536809
1608,-0.16261620460218454
1610,1.7244329079558083
1613,-1.1190632492900288
1614,-0.16184220705644722
1615,0.445687375049197
1618,-0.16271845450388733
1619,1.7678224809354046
1620,2.451004047179634
1623,1.034194215835193
1625,2.9140698231315563
1626,0.16748400373000433
1627,0.5822568231348787
1628,1.972577856544238
1630,-0.9387616509959228
1633,0.5655608422342207
1634,-0.5317079522125197
1635,-0.16909553978581365
1636,0.43418933039791463
1638,-0.8714005419812508
1639,1.1606688070665623
1640,-0.6836207918165232
1641,0.47786326615561575
1642,0.6838329002876986
1643,-1.276412350247817
1644,0.8801868155198118
1645,-0.8735802814081057
1646,-0.24033680182031766
1647,0.5072231394380695
1649,-0.9437533681385558
1650,-0.09364019746091046
1651,-1.0815795379496358
1652,-0.7058150719762164
1654,1.4754748374137718
1655,-0.26577037120102565
1656,-1.5500404382093582
1657,0.6642058088553453
1658,-0.6091956780330433
1659,0.9972832900591821
1660,1.2561074760160376
1661,0.14020192769916195
1662,0.08560788848258895
1663,0.3983528131767288
1664,0.7762816628577935
1665,1.6706639454291234
1669,-0.15831044944914474
1670,-0.818227781850304
1671,-1.654415348442766
1673,-0.240808588935721
1674,-1.920778429858499
1675,-1.4174789163152193
1676,-1.5722566615646638
1677,0.323684433514133
1680,-0.914311403501788
1681,-0.02955500563694735
1682,1.535474177297636
1683,-0.37710606043675726
1684,-0.09687168715818129
1685,0.9087467655307562
1686,0.4269765344680486
1687,-1.7428666422927899
1690,-0.13185459801794072
1692,1.0712364189245636
1693,1.2883561532555796
1694,0.039868097455619166
1695,0.15246903947060164
1697,0.27927500599782235
1698,-0.0628982880304032
1701,0.1547642548559828
1702,-0.03397045414956501
1703,1.0932626531939718
1704,1.0002560450749973
1705,0.9667978290770389
1707,2.04781083451405
1708,1.390272518755502
1709,-1.9804897010020177
1710,0.08803750716553135
1711,-1.204592646643401
1712,1.8033710058953192
1713,1.6711444272730016
1715,0.21035548328429304
1717,1.069686412176673
1719,0.8502790505664766
1720,0.2673606329721432
1721,1.5510363827842544
1722,0.6367343002010565
1724,-1.5676198295312163
1725,0.2100240428669482
1727,0.17993900384355058
1728,1.0923023455970755
1729,-0.8435555047666556
1730,0.5467080468753029
1731,-1.5916134795456682
1733,0.00119802396631318
1734,-1.1155142954086672
1735,0.8102660171491994
1736,-0.11297839716526814
1737,-0.4081532790232607
1739,-0.5242893193284657
1740,-0.37806089107047125
1742,-0.730079485052858
1745,-0.12236392437232946
1746,-0.05324130189549198
1748,-0.8525519374063286
1750,0.4070884986408839
1751,-1.4937764453767144
1752,1.5023191317820435
1753,0.2517743420848753
1754,-1.9733218518836078
1755,0.2730501242701894
1758,-1.773405682665841
1759,1.3565843581823975
1760,-0.7202555745949463
1761,0.6294899320408844
1762,0.1351426202243871
1763,1.4130142068396316
1764,-1.9014294905449294
1765,0.3853791874641653
1766,-0.020099167938946456
1767,-0.12380520446110804
1769,-0.3194915445900679
1771,1.0757079523219213
1773,0.009701099212691244
1774,-1.1215887772928992
1775,0.34620391755815444
1776,1.911692585352906
1777,-1.9981393443263267
1778,-0.3104483284061756
1779,-0.05709806559998343
1783,-0.311677426732755
1784,-0.7456846523747573
1785,-2.9272515851305165
1786,1.30521393926863
1787,0.3594394924111448
1788,0.0549279570510078
1789,0.33816794171697306
1790,-1.2015060363817178
1791,0.7497527584175846
1793,1.060561522707115
1795,0.2963618632785857
1797,1.5666638397088757
1798,1.2188172176557028
1799,-0.2071003611341285
1800,-0.8179502668426055
1801,-0.15119713824041692
1802,0.44766495357714736
1803,0.2564043894384963
1804,0.5888855478401929
1805,-0.19333422361894972
1806,-1.2707689216701459
1807,0.8242533919503778
1808,0.45978725263211656
1810,-0.8870122183102207
1811,1.17995517029981
1814,-0.6358335582821364
1815,-0.1638667832486731
1818,-0.8467609545947989
1819,-0.014868216062646489
1820,-1.575613896745046
1821,-1.0497725222183105
1823,-0.20608486282626837
1824,-0.6248084246319396
1825,-1.1957950427721031
1826,-1.1620727049814317
1827,-0.10577122229261232
1828,-0.892018540683655
1829,0.22705141092563114
1831,-0.4781238412272945
1832,0.05315621150007959
1833,0.6037668282459543
1836,-1.1106475399543476
1837,0.24083073246158657
1838,-0.4480975440821334
1839,-0.11367619315224253
1843,-0.2754367457241885
1844,-0.11506812026095489
1845,-0.39230407451794475
1847,-1.121056131855562
1848,0.9735753719876168
1849,-0.08925626141637577
1850,-0.42718282001093355
1851,0.10055085251727117
1853,-0.6624133359432295
1854,1.3489510799393285
1855,-0.24643370505044365
1856,0.451686938639402
1857,-2.0651704385366356
1858,-0.6927159182625562
1861,0.3227398747190083
1862,0.2758846726462319
1863,3.235779231202878
1864,0.15513738613470235
1865,-1.5534034445727352
1866,-1.9892188732184621
1868,-1.9751494430257202
1870,-0.6176019121640353
1871,-0.6529618705228897
1872,-0.6915454642873639
1874,1.1862091184799526
1875,0.14836300443007966
1876,-1.1730083342611624
1878,-2.436907076355988
1879,1.4139446244190788
1880,-1.6694406450685286
1881,1.1086555375568325
1883,-1.065114275420183
1884,1.4859253744768561
1886,0.00987289550471751
1888,2.273450027606919
1889,-1.6599982800816306
1890,-0.6326415892029519
1891,-1.1002357454714826
1893,0.5944285709328133
1897,-1.649384385132668
1898,0.025471604909915513
1899,-0.7208038881419623
1902,0.28038018929216224
1903,0.43835939582848393
1904,1.0319309594253592
1907,0.6362467061694366
1908,0.6871248291300772
1910,0.08870580350856916
1912,-0.2502171342971156
1914,-1.3092116415732613
1915,1.5545540798266
1916,-0.1640320503044641
1917,0.8854662654303327
1918,-0.9871824714501158
1919,0.9199428708514428
1920,0.7167542752279427
1923,0.24742347128961328
1927,0.8693556162968971
1928,1.2752129134660768
1929,0.2063260475029055
1930,0.0861928076406627
1931,0.14605112020953417
1933,-0.4675350900018412
1934,1.718891341214201
1935,0.056565493996820204
1936,1.1743397954006893
1937,1.9759358068283177
1941,0.34406315249670766
1942,-1.4066487286268827
1945,-0.4470504689932411
1946,-1.253311835295953
1949,-0.5132656037987773
1952,2.3727271443686213
1953,1.0071039425888417
1957,0.18033170371289198
1958,1.1061560952963314
1959,-0.13005469084365254
1960,0.6073822203944599
1961,-0.02018548416774779
1963,-0.29588177755983913
1964,-0.8141701495330531
1965,0.010172231090556205
1968,0.21271751518053172
1971,-0.523356547070818
1972,-0.6983571300881612
1973,0.5153293314518557
1974,-0.49681268020579655
1976,0.3166214506068198
1977,0.705890274265406
1978,0.579884956347823
1979,0.40453994770309887
1980,-0.4647100662897882
1981,-0.7148930383778737
1982,-0.5863502824633805
1984,0.3053604271807464
1988,-1.6635663254819169
1989,-0.4913473612772039
1990,0.10246184855714546
1992,-0.9373685088468657
1993,-0.27557677176074846
1995,0.7266906553795561
1996,1.0636081510119664
1999,0.3947825329675062
2000,-0.19067319948272882
2001,-1.079420540988472
2003,-0.5385357377173977
2004,-0.2662288546810607
2005,0.3106258720056676
2007,-0.18124836368296943
2009,-0.5415274247808848
2010,0.4028745169826568
2011,1.0825977708076098
2013,2.3464544336660564
2014,-0.29284581956304556
2015,-0.2204288268163711
2016,-0.5356831365804102
2017,-0.33025363705116906
2018,1.4651121862612673
2019,0.31250026881189574
2020,0.0452263382942818
2022,0.9787747219322137
2023,0.6995719742535047
2024,1.225208546528557
2025,0.010240145926290634
2026,0.05278379322474952
2027,0.823336319456925
2029,1.2606342368791208
2030,0.8512495426574288
2031,1.5318887459416486
2032,-0.8875683309664424
2033,1.5511284880214604
2036,0.9594736310216192
2037,0.5502567548812345
2038,0.8467679716595846
2039,0.2858813862567807
2040,0.9212832678411957
2041,-0.032885413503560945
2044,-1.0267044716016092
2046,0.4367261660705598
2048,-1.9261437914669357
2050,1.749783152926247
2053,0.06880415581607657
2055,1.540931715958307
2056,-1.0306370651830539
2057,1.2831522870919405
2058,1.5692321252536359
2060,0.24330728206119545
2061,1.259245073772837
2064,-1.1738016005579461
2065,0.17269176584992774
2066,-1.4394384235284359
2067,0.18813211452838086
2069,-0.6033672666266243
2071,-0.533047333682691
2072,-0.541962932080992
2073,0.20143561438076169
2074,-1.240123242996013
2076,-1.8848482163974811
2077,-0.5816910636414806
2078,-1.0911884359978938
2079,-0.5859792471693293
2080,1.16649370404776
2081,0.4088664299408381
2083,-0.3344417664929992
2085,0.9369682122709765
2086,0.48795024857118735
2087,0.608425288361914
2088,1.2656044458849618
2090,1.0252624572098252
2091,0.6719425954347955
2092,-0.634546348513886
2094,-0.5931342006821323
2095,0.30308373355512574
2099,-0.9030880256608393
2101,-0.022754128332624662
2102,-0.6871664051679194
2103,-0.2863542067494881
2105,-0.6287100561699013
2106,-0.5622278296941671
2107,0.24395171553517248
2108,-0.09484021050197947
2109,0.5461011862320094
2110,-0.4620227389583933
2112,0.14799775115251163
2113,1.0104144603678398
2114,-1.9393516441420349
2115,1.1292359453514154
2116,-1.1948261604373558
2117,1.9782855031219397
2120,-2.3265163423868365
2121,0.004257518687950768
2122,-0.3387727369809884
2123,0.24774926482789006
2124,-0.2959444837069754
2125,-0.3502855719906056
2126,-0.396427052114636
2127,1.9537344525376956
2128,0.5340690237477976
2130,0.4576038518802869
2131,0.7405967437772067
2132,1.0084835902254359
2133,-0.5758610846348121
2135,-0.31717918758253394
2136,0.6088786711412532
2137,-0.2707132658711413
2139,0.8133759061791503
2140,-0.8855299820694706
2141,1.7846832862316768
2142,-1.2049960531112867
2143,-1.0311035092662455
2145,2.08241573684949
2147,-2.2243281495613734
2148,0.6203282620397232
2149,0.6016718572468387
2150,1.1694130007410477
2151,-0.05198720366444712
2152,0.8136985874424267
2153,-0.9017498645550601
2154,-0.5755255942955277
2155,0.7942591814226144
2156,0.8031642344163699
2157,0.7816261230464627
2159,0.10528064297014278
2160,0.014345563821775244
2161,0.8371274591273842
2162,-0.2488214015212528
2163,-0.4235165325396172
2164,0.20021398901704468
2165,-0.0682918871980498
2166,-0.4748534724772413
2167,-0.916707410776609
2168,1.1044501989079598
2171,0.6369754493590788
2172,0.5107128341124291
2179,-1.1255458004732417
2181,-0.5582030383348113
2182,0.0007707737935434
2183,-0.027989641017881872
2184,-1.8050188251924664
2185,0.49238829072113555
2186,1.0638713496404655
2187,-0.1024921959783022
2191,-2.0823628669385394
2192,1.017298046809688
2193,-1.7960236684907895
2194,0.045128986277497604
2195,0.017193450317047776
2197,-1.82002146524355
2199,0.08754702416565874
2201,-1.3045100396159546
2203,1.2584737708874252
2207,-0.13038898956566447
2209,0.03214636645563791
2211,-1.0717102807343726
2213,-0.4140989451623636
2217,1.1202423335656808
2219,-0.0061769205555226026
2221,-0.14390220756934757
2223,0.1252839800873794
2225,-0.22134983998431484
2227,0.3652044382812824
2229,0.8000692546382369
2231,2.3511492511960617
2239,0.09435444663743231
2241,-0.6483344979834723
2243,-0.3103961677349426
2245,-0.8467539708536811
2247,0.25752596486781376
2249,-0.331322544090646
2253,-0.674010699457928
2255,-0.891308057257393
2259,-1.5895813016238065
2263,0.2769165911770922
2269,1.406095105740918
2273,1.200672094511367
2277,-1.0444891043830817
2279,-0.8695340386152564
2281,-0.18020279468567868
2285,0.881008217834487
2287,-0.7215499455605388
2289,-0.5998951466187821
2297,0.3600648210980093
2301,0.11803844417065945
2303,0.14792951068450017
2305,-0.141931684164402
2311,1.3238171233279472
2315,1.016795236833009
2317,0.9656704935753821
2323,1.045515485694147
2325,-1.1391420735169555
2327,2.455585481386564
2329,-0.8180706531773427
2333,1.269076157460069
