942
3692
2882
1413
3117
1891
4888
3616
4460
2820
3414
4348
1226
417
4363
2253
447
4723
2146
1590
3544
4205
3647
4580
4895
3799
2207
2841
1320
4373
4112
3410
4200
2966
770
740
4109
462
663
1034
3291
3417
712
4229
4128
1091
4757
3709
2698
1805
3603
534
4112
3036
827
2908
1568
3811
1649
3367
4802
3017
1817
1948
2781
3067
4511
630
1275
4327
3730
1753
348
1828
3960
763
3260
4259
919
3519
1520
1643
4067
300
219
1545
3863
3145
4004
3528
105
4052
2800
487
3955
1980
3411
2465
2172
3834
2386
1968
225
727
3456
2560
553
207
3442
551
2971
3191
4947
2865
3323
2994
1918
2443
4065
3867
4200
2042
2673
1652
4890
1847
2057
3616
4185
2691
2618
2233
757
967
3881
1565
546
1770
991
2905
2094
3084
455
3042
3876
227
781
3549
1416
4667
2629
2287
850
4966
1996
1569
3397
3813
4648
2276
3375
650
2788
3246
324
3410
370
2066
1195
4335
1112
4569
4128
478
1475
4875
355
2683
319
2303
1825
257
2709
3159
668
2762
3480
469
2869
2166
3559
4978
195
1515
1016
1294
4664
2298
1408
2035
3763
1947
1375
341
2706
155
959
2100
1184
4432
1242
3001
1686
4380
720
4230
2017
4440
4323
4331
3357
1741
1112
3680
2926
3755
1571
3411
1431
3251
2812
3226
4287
3053
873
49
1042
2794
178
2389
2150
2542
2925
2813
3618
3648
2560
4280
2828
619
3554
