ID,y
1001,3.2923337502167893
1002,0.019921476397616322
1003,-0.3010803175773391
1004,1.2761285694483744
1006,3.0924350713911855
1007,0.7175347154420095
1011,0.18650510521150715
1012,2.951343810475591
1013,0.6379175418459436
1015,1.353372407605001
1018,0.6081524955656211
1019,0.07691049259043936
1020,0.9058940567045942
1021,1.8825513374097516
1022,1.9547087885782493
1023,1.799286456803266
1024,2.2609042012651535
1025,2.6579669912990678
1026,2.456958092998034
1027,0.3709756222949025
1028,2.3469716854144087
1029,0.8853842124999729
1030,2.9016905696667914
1032,1.521429137192282
1033,1.5841564704674012
1034,1.4060693464740974
1035,0.6438302752122476
1036,-1.3568370899276163
1037,1.3455108948125776
1038,1.6891432484817828
1039,0.2244697200017804
1040,1.6955749984918707
1041,1.0199785030797774
1042,2.420278160568221
1043,0.5604560032393796
1044,0.9844448097352214
1045,1.6064611605584236
1046,3.2872653947553117
1047,1.980320425698395
1048,3.1480032989734004
1049,0.6982594750314034
1050,1.2689814729119688
1051,1.521007436290868
1052,2.6153846966827117
1053,1.929361646421048
1054,1.3611256643348906
1055,1.8601555508022627
1056,2.2620006347826176
1057,0.8904492490625305
1058,1.9409636547574767
1059,3.181831193651609
1060,2.8941789924942234
1061,1.0505476904089492
1062,1.7166505358930078
1063,0.460959903316983
1064,-0.29256680127960694
1066,3.4180812490012302
1067,1.9661289933304293
1068,0.8892835562884803
1069,1.0461035302654764
1071,0.4745452717987346
1072,0.02824816324399576
1073,0.5123045029292334
1074,2.1109303236394608
1075,0.3603908313571109
1076,1.9707721443826938
1077,1.7890713758968346
1078,3.98257830736544
1079,2.627145871962106
1080,2.0005872822675466
1082,0.15135449313538762
1083,1.8390523906992238
1084,0.843360858488102
1085,2.005962584724074
1086,0.6008441045476665
1087,2.6581559316277668
1088,0.2781660852267105
1089,0.6470352802651155
1090,0.24820390705941947
1091,3.1058362753330204
1092,0.22294646295602139
1093,1.3850053214900941
1094,1.9901191431777707
1095,2.406378387059778
1096,1.320825407666144
1097,2.356142323634715
1098,2.354607066294143
1099,2.473908232826759
1100,0.9812796538174611
1101,4.465512708161896
1103,3.4472338610413105
1104,1.8336633799451685
1105,3.5687404479162512
1107,0.46176347200887213
1108,2.3392020701027505
1109,0.7524561541706685
1110,3.1671612146832064
1111,0.7866631904353132
1112,1.0133712873404273
1113,2.804535183066691
1114,0.2623058446523677
1115,2.1818407262205746
1116,2.407008566029895
1117,2.787915525181776
1118,1.7119118641434672
1119,2.275043674527681
1120,0.9122566613972646
1121,3.003888562154356
1122,0.48664485131960333
1123,-0.1859424217987149
1124,1.242608892290927
1125,1.9100440731809658
1126,1.9006844834921375
1128,1.4520889426510808
1130,2.6881854836501136
1131,1.3532956562669074
1133,1.5404267366508746
1134,1.4942170013801228
1135,1.5825091570895264
1136,-0.08244390732065031
1137,2.175879325571822
1138,0.6439880646835157
1139,3.1061397430613598
1140,0.6222954176803746
1141,3.4105168009296127
1142,0.18929195525885323
1143,2.3871742956390074
1144,1.3766841032142578
1145,2.482813347189019
1146,1.4601613214756484
1147,0.9861961102280676
1148,0.5379630195923679
1149,2.567381240973312
1150,0.5165924275611513
1151,-0.1713391853463122
1152,1.209906437734382
1153,2.4405296341923863
1154,-1.2059219080027093
1155,0.1968024585198762
1156,2.0677093861538234
1157,2.7767544958551458
1158,1.9649160103737442
1159,2.2618692579304636
1160,0.7698436942189611
1161,1.7852527885073117
1162,2.900977447975772
1163,2.2393971302278706
1164,1.6329297071546756
1166,3.00337098839001
1167,-0.5928037496508415
1168,1.682845378749118
1169,2.424973608597204
1170,2.7626443160964325
1173,0.41140675305383523
1175,3.476830343624872
1176,0.886196203643753
1177,0.9824158929793136
1179,3.5740169419351258
1181,1.6565556312629557
1182,1.7951564013142987
1184,1.8583187475998941
1185,2.116074406918016
1186,2.4759174653462472
1188,2.6488607954282375
1189,2.4994906783551007
1190,3.0210785000628304
1191,2.451991225175459
1192,1.8522974591640617
1193,1.8768601674554999
1194,-0.06831167943736038
1195,1.0436156637764806
1196,0.7347489130934534
1197,0.5517484687339602
1199,2.6322628413315288
1201,-0.5552757269116129
1202,1.3558977916458128
1203,1.361109734655839
1205,0.3658183298496624
1206,-0.18844351043580776
1207,1.081439972821645
1208,1.7021138891983894
1209,2.001164609706004
1210,2.0081174449623598
1211,0.8759486270519062
1212,1.6211924598543168
1214,0.08765435478823524
1216,1.2063489128367266
1218,0.9704748924487316
1220,0.09468166797556266
1221,0.7153792665189113
1222,2.322624672042659
1223,3.0625525452818376
1224,2.0542203587474175
1225,0.619627379376172
1226,0.9387359341154552
1227,0.2371167437754702
1228,1.1259759736335786
1229,1.607245315176835
1232,0.8134374081379664
1233,1.5581513214759166
1234,1.5801935422522981
1235,2.2651494213510928
1236,1.0486276782300334
1237,2.1043930674031426
1239,1.6570125293390263
1240,1.1402005314196166
1241,2.1995865402774246
1242,2.6339854390679283
1244,3.364893787657798
1245,2.3308996429405084
1246,2.3129562339201972
1247,1.3964579263264993
1248,2.7615822616975034
1252,2.5923480352986186
1253,-0.11546177996192741
1255,0.6060289844328294
1257,2.48255793426193
1258,-0.2338936169723445
1259,0.3741301949627187
1260,0.8037951197335281
1261,2.8552509313679497
1262,2.3094045877564584
1264,1.4479012000459606
1265,1.460876661709917
1266,1.7908995957562797
1267,1.7392088096443337
1270,2.2977756966749636
1271,0.9702697315438302
1272,2.13385840621379
1274,1.647347185698576
1275,2.8449390504173504
1276,-0.02891534309201582
1277,0.8336008914670572
1278,1.6560799996032387
1279,-1.262436076256907
1280,0.7393906431194586
1281,1.6889817336278008
1282,-0.3282918886444477
1283,0.1076327076063428
1284,1.2893200245852692
1285,-0.4859134332339331
1286,3.4681486060095894
1287,0.18976917392511528
1288,1.40213882230402
1290,1.5656977462045298
1291,0.8053248155450388
1292,1.9150139128760535
1293,2.4638719001644263
1294,0.5454362357691916
1295,0.34330171313729363
1296,3.6288354915139753
1297,1.6459439677317018
1299,0.11689336520302662
1300,1.5967124804604533
1301,2.43270046430597
1302,2.9169878291790905
1303,0.5821663917338665
1304,1.7470379582787718
1306,0.9912195276397443
1307,2.008794785155167
1308,1.513174634512971
1309,0.7301461437604475
1310,1.3394493443417448
1311,0.9599469047712659
1312,1.8439488899733676
1313,1.4044854198749297
1314,0.558573175544378
1315,0.7194277988789745
1316,0.9709718289518781
1317,1.1074089660063793
1319,1.8356392074785903
1320,1.5748219240986834
1321,2.452920887536495
1322,1.248825775405947
1324,2.283088187901675
1325,2.7544518500558963
1326,1.8254595712475952
1327,0.6788327275107503
1328,2.7311262572464807
1329,1.1038473374054747
1331,1.5476042669911596
1334,2.2225026631276252
1335,0.8882149474028445
1337,2.178292189422491
1338,1.0722746631364841
1339,1.5203498943285947
1342,1.8601545258231604
1343,1.4204744486087566
1344,-0.3831803399818815
1345,2.320879861743979
1346,0.6522960415569106
1347,1.1319903263442967
1350,1.621690447107515
1354,3.078079833786498
1356,3.4399257570243877
1359,1.357288660838297
1360,2.275776865656936
1362,2.2666740975866055
1363,0.6784063247547185
1364,0.12080163183799275
1365,1.4890045001252057
1366,0.6329684892924328
1367,0.782879163312125
1368,0.9506531066661754
1369,1.9652821561184655
1372,0.9803408149268231
1373,2.743715224141715
1374,2.085204383811303
1377,0.855624126638888
1380,1.1313111118014556
1381,2.580400511386818
1382,0.55691445956095
1383,0.9073353736037352
1384,0.8653675128730297
1385,1.5913640924279713
1386,-0.07134691931329912
1388,1.9598860187190756
1390,0.78554470763215
1391,2.8237768237919223
1392,1.9416893884259505
1400,0.8877677589387013
1401,0.8386256167876672
1402,0.785835312466325
1404,1.0205038223539178
1405,1.8589441718729518
1406,1.9512587211218242
1407,3.2942024583550475
1409,2.520296301364014
1411,1.360222010629081
1414,2.282894069536992
1417,1.9559771560016463
1420,0.6740297306810202
1422,1.8500825378436483
1423,2.2870019477194523
1424,3.150075861915737
1425,1.7965453838512413
1426,1.9332526603061284
1427,3.078451100293752
1428,0.6304375466065211
1429,1.6830952952847849
1431,3.361006335541399
1434,1.348992188058098
1435,2.243539709927904
1436,0.6953103136388477
1437,1.233267754898363
1438,0.9291480123781307
1439,2.368071741254702
1441,1.511894017060293
1442,1.9672195126353027
1443,1.9240708099534851
1444,1.6014066258496518
1445,-0.6882811808095264
1446,1.1588994335016807
1448,1.4775642131336204
1449,0.5897351444823928
1450,1.6548232600850974
1451,1.828030494103394
1452,0.5846195046134812
1453,0.3111968708030347
1454,-0.3368813212417956
1455,0.7835681832077045
1456,1.4602274948280887
1457,0.8583019766455117
1458,0.14329075518876477
1459,1.9789457218650135
1460,1.6372236435100331
1462,0.8918075180528136
1465,0.8794208072583924
1466,1.1940674539083946
1467,2.5717005236088397
1468,1.4312736305882794
1469,1.6883517379319652
1471,1.9878521197731216
1473,-0.2051811759089458
1474,1.4287255052999064
1475,1.1704502660025051
1476,2.252420991537435
1477,1.6982148569580438
1478,-0.22876793863577538
1479,1.663527215584831
1480,1.5987035169223052
1481,1.4190513963373654
1482,1.8084512920270575
1483,3.0659508546215406
1484,-0.19589922282569705
1485,0.8699208527404781
1486,1.0355270953415199
1489,1.102894091853103
1491,1.217980113967951
1494,1.7164561354408319
1495,-0.016879965349513304
1496,0.5294912403979715
1497,4.991618597689516
1498,0.6129086939854425
1499,2.857821601108009
1501,2.935516157726033
1502,1.9897460984845443
1503,0.720730764580447
1504,1.716356018359643
1505,1.4770761607932132
1506,1.4093360225622795
1507,2.3297112192474554
1509,0.7220893218810952
1510,2.0107237701256184
1511,1.1438002976516528
1512,-0.6621287764583621
1513,-0.06297773791499528
1517,1.5225024729224699
1518,0.566674332041426
1519,0.33161504419551
1520,3.1338972808955474
1521,0.4682187500622184
1522,2.630674194039449
1523,1.238128946705352
1524,1.1979050257610684
1525,0.07933078798288201
1527,2.9586873034360126
1528,3.250341567599124
1529,1.5838888155948483
1531,-0.18912581121656613
1532,1.9971272881243414
1533,2.8566664017669345
1534,1.1198949510236742
1536,1.426165108508493
1537,1.614613469897828
1538,2.8398405823296855
1542,2.3524465374523125
1543,2.7811584966598586
1544,3.1581009185302844
1546,1.3906977467149493
1547,0.7809698803060956
1549,2.5808906143077106
1552,3.5983411630725297
1554,1.2256899025808612
1558,3.037079292713721
1561,1.7698911933156527
1563,1.5930836194381799
1564,3.3891500390927565
1565,2.145196458756575
1566,1.1274799012576684
1567,3.284240334715051
1568,2.4526601745185506
1570,1.7692378173395271
1574,0.8884616989101523
1578,2.075914965201614
1579,1.5863768686556619
1580,3.6120992956482394
1581,1.982308985871533
1582,1.2166525663723815
1588,1.9785734388523402
1589,3.097997592648613
1590,2.423288183650072
1591,3.9830876236386983
1592,1.652407371705287
1593,3.0376553204011576
1594,0.7152056409879263
1596,0.32151188528833563
1597,1.3892548768369504
1599,0.5274081928381968
1604,1.5872657122887472
1606,2.350185508651962
1607,1.0961347107599488
1608,1.2628992243467936
1610,3.0668706002391537
1613,-1.0739308905767448
1614,1.4147506648363866
1615,1.5042410126968686
1618,0.7328894410194544
1619,1.3513638183863874
1620,0.6929073548667722
1623,1.854149980481128
1625,2.17676044981555
1626,1.9276776399700088
1627,0.8924691797294105
1628,0.04285111598245117
1630,1.275732046052192
1633,1.612437585682463
1634,3.337311463049488
1635,2.2777785409233213
1636,1.7705975817011697
1638,1.7545393996226903
1639,2.4584959473526484
1640,1.2058115162325755
1641,1.3654147953569606
1642,1.7410117252173247
1643,1.881227573284642
1644,3.0282057059829213
1645,-0.014301845519092565
1646,1.1414698200299238
1647,0.7344069735954126
1649,1.4455012531043714
1650,0.26341792080347287
1651,0.3987980733134693
1652,1.7993346366832905
1654,0.040866160247935435
1655,1.6625103327556443
1656,0.7734068764579605
1657,0.6888526475131613
1658,0.9889763216674522
1659,2.7358347899868685
1660,1.6239289011362308
1661,2.035505969534518
1662,0.6820108188245811
1663,0.4258211926931721
1664,1.2441526576054909
1665,2.5402996142072496
1669,1.436803881875593
1670,0.2278916512036686
1671,4.078062819147842
1673,3.519324025165797
1674,1.2952568548164993
1675,0.7707954708631477
1676,0.32932131743634396
1677,1.5460003799273603
1680,2.4021197435100055
1681,0.905591066955604
1682,1.9307140744595197
1683,1.637101983877512
1684,0.743304214308729
1685,0.35037002299290954
1686,0.6451652487536101
1687,0.9322584380291469
1690,0.9487196257830293
1692,1.2748807795158685
1693,1.1346043114616282
1694,2.786987718535608
1695,1.5394376515860344
1697,0.17503223265887646
1698,1.507833291909225
1701,1.5760894626105268
1702,0.9819248145353469
1703,1.7771812202655144
1704,-0.18720499497566445
1705,2.030736524809253
1707,1.3907729909429616
1708,2.1367776288635585
1709,2.1859775705221485
1710,0.3271932930338812
1711,2.093148757412322
1712,2.1287812659642116
1713,2.063348166769006
1715,2.2553583520443734
1717,0.6151369455515832
1719,-0.48647499646371817
1720,2.5856807266925044
1721,1.3603639193285093
1722,1.670948388661943
1724,3.009354088067623
1725,0.508953334166988
1727,0.42393303488044753
1728,1.2532149542583766
1729,2.29620270842516
1730,1.3488812529890635
1731,2.514591773631067
1733,1.9253779239393933
1734,1.3062300116989063
1735,1.1772253150830263
1736,0.7937930155258263
1737,0.9332945607018451
1739,0.38051331810483624
1740,1.2737143987779724
1742,1.2665482321560704
1745,2.0596442149139462
1746,-0.23604502855219273
1748,0.5164463850915596
1750,0.6944622714477512
1751,1.6213517476776977
1752,1.184563323207935
1753,2.242728119660684
1754,1.8003661492300185
1755,0.433296571603939
1758,1.485450679007408
1759,2.1739781348285003
1760,2.0243958119977967
1761,0.8588841459638173
1762,-0.9091544721285404
1763,0.9879012911306865
1764,0.694214568221123
1765,1.5501744055830253
1766,0.1559136928959265
1767,0.39845099051761457
1769,1.106307678745488
1771,0.08466208493625293
1773,2.045898897243264
1774,1.3117922385064102
1775,1.3425526823740956
1776,1.5426158925041604
1777,1.9876243268492821
1778,0.29654879898073794
1779,1.795458291426483
1783,2.8117343711059
1784,0.4855978606136967
1785,2.502732873430736
1786,2.4267076065008704
1787,-0.1402653731574916
1788,2.7743305153090816
1789,1.4373797741697896
1790,2.66998271313073
1791,-0.015229001357762423
1793,0.729523307892034
1795,2.8893688684640786
1797,0.7940088531988281
1798,-0.04926550986517525
1799,0.5181824655093312
1800,0.4019920292292719
1801,3.0889947207691097
1802,2.2369035486233924
1803,1.1760890498924572
1804,1.9831301316746335
1805,2.2995580800388318
1806,0.795093039258068
1807,1.9410519735133391
1808,1.9263148357189388
1810,1.632020663957876
1811,1.0695744426862683
1814,0.7919406491282217
1815,1.720967920217083
1818,0.4751947565888205
1819,0.9818160794228608
1820,0.35722294374914976
1821,1.0515958597252955
1823,-0.32142409523988413
1824,0.577191255296588
1825,1.4132160251731198
1826,1.0989158665837382
1827,1.1436643901399766
1828,0.6900961634808668
1829,0.264470078537085
1831,1.0696594263722434
1832,0.5812990174810525
1833,1.5897500405093814
1836,1.4935733591922358
1837,1.0265177670680898
1838,0.46982645907874365
1839,3.0383240955229516
1843,0.6455412115773342
1844,0.6592738207831093
1845,1.044526044102398
1847,0.669996271674464
1848,2.070695016618334
1849,2.6482958213146146
1850,0.03645232788763597
1851,0.547182855169128
1853,0.3506179561191063
1854,1.4037581671860737
1855,1.8555266961236367
1856,1.6180772456480923
1857,2.2975151610295557
1858,1.0692040114039665
1861,1.3496641894186405
1862,0.9331276621236773
1863,1.3545277284818973
1864,3.502441940938481
1865,0.14471915370676403
1866,1.3338453440348168
1868,1.840746964805683
1870,0.7091073090652235
1871,0.6130689525096914
1872,2.366682537216023
1874,2.8860417883827387
1875,0.5479378855660789
1876,1.374970331189366
1878,0.3233399533736274
1879,0.6805227233880362
1880,0.44243596436829136
1881,1.1283933910703778
1883,1.298892134390568
1884,0.5357121491065974
1886,0.527726723085948
1888,1.2630408718869666
1889,2.222311867527372
1890,0.6577838591997045
1891,0.9475432074654183
1893,2.6147548402569454
1897,0.5334489574983817
1898,1.6475643510303706
1899,0.5198461111810749
1902,2.0885047380757396
1903,1.4527850273738505
1904,2.794543846799276
1907,0.6304081989574015
1908,0.7566755071647393
1910,0.8682398124294037
1912,0.6460702629418762
1914,0.24804220326026427
1915,1.754347391968452
1916,-1.241238195224754
1917,-0.9042997586409695
1918,0.724878809341051
1919,0.1949107248880796
1920,-0.3765776626008793
1923,1.1316240968896822
1927,1.3527192400890862
1928,1.0090593652897168
1929,0.383184761692064
1930,0.4810102361911278
1931,-0.3627183645992236
1933,3.1420351930992005
1934,2.06181424894892
1935,2.7716708648045643
1936,3.3202439721182406
1937,1.9191902661808657
1941,4.033842639297023
1942,2.4537940854192577
1945,-0.0552845762531155
1946,1.2047366787905904
1949,1.430738125988583
1952,0.0897376888238064
1953,1.7072563343304654
1957,2.0296660271753875
1958,1.7889119518308056
1959,2.4793473784543023
1960,2.5859662397058436
1961,4.041181395384259
1963,0.7704340626502771
1964,1.9571475483676846
1965,1.250016971694194
1968,0.7874152788638107
1971,0.919844928371923
1972,0.5862229086186457
1973,1.2696395481249674
1974,1.0242474481948425
1976,1.960443888355572
1977,0.8866866298407743
1978,3.0134713936467734
1979,0.895108027403087
1980,1.4270580703589526
1981,2.7085259074036108
1982,2.2057526287691136
1984,1.7189898027605528
1988,1.3777283910911708
1989,2.036099897056222
1990,1.5549701962931426
1992,1.3049467167012316
1993,0.6446624910097973
1995,1.554422258131035
1996,1.8181613662087739
1999,0.5411382019361528
2000,0.8749431841468268
2001,2.60973983451132
2003,1.1261764617063128
2004,0.7221940582332425
2005,0.8453621383948129
2007,-0.3781633773999744
2009,1.4210581206240969
2010,3.2299144109580777
2011,0.6599082122454814
2013,2.6685842451256545
2014,1.5882418107964376
2015,-0.3143586255062998
2016,1.384305705857992
2017,0.8252523229246748
2018,1.494339106601802
2019,1.6479349594387305
2020,2.4911754105961186
2022,2.2896758372341615
2023,0.17818526520638112
2024,1.4079605229555656
2025,2.739265075487701
2026,2.6700315565896173
2027,2.4786929899944945
2029,3.31418098605663
2030,2.068986838384955
2031,1.9237658065453629
2032,2.5710125449340735
2033,0.696387351110524
2036,1.7488661226326283
2037,1.116146904834458
2038,1.8307931461969065
2039,1.5447886803853306
2040,3.550941122432549
2041,0.8862984995659229
2044,1.2659466167714934
2046,1.3287963971174923
2048,1.539515942421486
2050,0.13255051326806822
2053,1.0073016578508471
2055,1.2525411981348533
2056,2.2366496682948416
2057,2.957915747240379
2058,1.3296082149829451
2060,2.1464703652181454
2061,1.9358075943637036
2064,2.111709139277089
2065,2.3501830196494122
2066,1.9592978870290785
2067,2.76006597190147
2069,1.7025129772072227
2071,1.6965431715830424
2072,2.595128838477829
2073,0.7506139671370056
2074,1.9734888079952098
2076,3.4142290689339894
2077,-0.05295562696035727
2078,2.1382906419157033
2079,1.9899321557857554
2080,1.3334796168251084
2081,0.9120397966550835
2083,0.8746975960387089
2085,2.4107353006948653
2086,3.3736212819592595
2087,1.6381207019098962
2088,0.4163208781099761
2090,1.5876219482093017
2091,1.9380021329386716
2092,3.160589136223938
2094,2.1439434673328677
2095,1.3754167722195185
2099,-0.23062454147410105
2101,1.6651393083950314
2102,2.491758997871825
2103,3.076494599604837
2105,1.824107993842549
2106,1.038727143012393
2107,0.308780881634816
2108,1.5563464380496497
2109,0.8866964774905014
2110,2.1353601695788145
2112,1.3712781290406484
2113,2.400524084524989
2114,0.1260088969323322
2115,2.7543382522707005
2116,0.5905631160877538
2117,3.082707274949652
2120,2.3536503873767436
2121,2.3624341627541705
2122,2.6681942938077365
2123,0.7462016604332086
2124,2.2133655989629926
2125,1.6996607108006905
2126,1.6506862512181522
2127,1.3398227117711032
2128,1.7636203388792082
2130,2.166051044148194
2131,1.3004867263869098
2132,1.6398765176701333
2133,1.3464343234532303
2135,2.341854112757076
2136,1.3200766455479036
2137,1.1446639663393192
2139,1.8393589618353696
2140,1.9067419092912035
2141,3.438338238555223
2142,3.574300204765043
2143,1.6907473019323525
2145,2.5968001231368305
2147,1.3113094143584234
2148,0.9725651429860904
2149,0.295136339475898
2150,1.5853928612403803
2151,2.4722483515272895
2152,4.035034357560761
2153,2.7905744450669028
2154,2.8455091611518846
2155,1.6259710312483222
2156,1.483393871586612
2157,1.234072439079216
2159,1.2496427518135014
2160,-0.9004099544141473
2161,1.2785073425641809
2162,1.6627309849880891
2163,0.7991979018029826
2164,1.7381393839013142
2165,0.5528307629146585
2166,1.7527167033602111
2167,0.2774325924874137
2168,0.3574840654953625
2171,2.7024814770826997
2172,-0.22688071493933215
2179,2.576482696768541
2181,0.8658748721713412
2182,1.7663672154108045
2183,0.20423700399100525
2184,1.3044238458900714
2185,1.6677075360634608
2186,1.7772109742675974
2187,2.0312257236283497
2191,0.9273620712687156
2192,3.4251233215883126
2193,1.5021893042910175
2194,-0.14043448379534273
2195,2.6929384942350185
2197,0.3849012542000131
2199,0.8684971639585591
2201,2.6672605852658164
2203,2.7795650661407176
2207,3.006043025555626
2209,3.284786103190827
2211,1.7853151968645848
2213,3.579667229943609
2217,1.3880647876547954
2219,1.8232424429668264
2221,-0.5791313632973525
2223,1.7492334364518276
2225,0.41262565502272414
2227,0.4985261669726166
2229,2.070323388988257
2231,0.251137881787147
2239,3.238486071141673
2241,1.7409776969709712
2243,2.10260201959033
2245,0.14893172549773226
2247,1.3067462861663528
2249,3.151932886280921
2253,1.0820741263960636
2255,2.368001978988231
2259,1.272315435056822
2263,1.5241287310500784
2269,1.9208993639767744
2273,0.02406235936942358
2277,1.6594308206742856
2279,1.4071532390084447
2281,0.5416759856568057
2285,1.8098901771532592
2287,1.965139131090794
2289,0.7635075904937356
2297,0.9475646143899152
2301,1.6764262377769252
2303,1.9629067350519285
2305,0.4915665701586149
2311,0.7021486366134991
2315,0.9534901528876704
2317,-0.327008884157979
2323,1.6121168432105306
2325,1.9411009741395304
2327,2.3980145718078707
2329,3.460550676634642
2333,2.2772176546050136
