2219
4808
3029
3730
1104
136
3664
848
4232
3200
231
4259
1170
4854
3536
1956
1473
3521
3267
4067
708
1848
1234
4037
1448
4873
447
2957
3029
400
2892
3661
5006
1389
4270
3662
5023
2416
2192
4358
3578
3260
41
510
1185
646
2898
2905
801
3053
1034
2113
3909
4909
4927
1373
2062
3928
280
3226
1387
4732
1114
2232
4258
4335
286
4126
216
1988
422
3022
1326
2467
1224
787
736
726
1305
2533
1665
1194
2127
2426
4139
4113
4150
1636
3690
1810
3561
1612
2596
2821
240
3067
3312
3060
1202
942
2123
2461
2596
2764
3066
773
1686
1569
3804
4008
2482
3019
3723
3897
691
1827
4211
881
4701
1901
2000
1292
3180
1933
1131
2298
2103
172
1295
2432
407
3
2990
2623
4568
1405
2310
3192
351
2415
3311
491
53
3162
1879
727
2510
428
3008
333
2129
2048
4425
546
3487
4179
2031
3137
1514
2306
2588
421
3627
2281
2548
632
1221
3261
1601
4018
942
4454
1269
4493
2447
4036
1391
2047
4148
4721
3878
999
1209
65
624
1603
1268
4187
3873
1357
2224
3039
3074
4181
2884
1784
290
2762
1970
2264
2353
2399
348
3380
1119
968
1452
1792
3219
4068
4077
725
3806
1750
489
2963
300
2333
2598
4653
441
717
1559
1288
122
3998
2898
1773
2283
492
3910
2822
1707
661
1742
1631
919
2339
4972
237
3990
3786
1270
1954
3062
3590
1272
4608
3019
2699
2356
