ID,y
1001,1.556488107687703
1002,0.22466279686258755
1003,4.4079976923462665
1004,3.4028638750108566
1006,2.245237832805204
1007,2.985002378970539
1011,3.164396773824259
1012,0.8404820971014144
1013,1.3264308082685985
1015,0.9650925674773096
1018,2.296743046873245
1019,0.8771210273170755
1020,2.764423020261641
1021,2.875008612703077
1022,1.7395424753265814
1023,-0.3444024153673357
1024,2.416746876072444
1025,0.7737347617568088
1026,1.933165473083323
1027,1.6799683850046678
1028,0.5286791701201148
1029,1.4747702947119652
1030,2.0633648210516564
1032,1.0828122361136276
1033,1.41036699592903
1034,2.3647506634175763
1035,-0.09316183199486172
1036,0.3102726796188596
1037,-0.04273566911978133
1038,0.960775626242004
1039,2.3763165241787174
1040,0.9379671230147435
1041,2.039557192584428
1042,0.9097727649826668
1043,1.481515529161169
1044,1.8395944705819627
1045,0.23863859325570919
1046,0.5679025329515758
1047,0.2167539704173359
1048,1.7314622621138278
1049,1.5062822201193393
1050,2.655392342548753
1051,1.3131451824787452
1052,2.827512852421873
1053,2.1901834581419295
1054,1.5278813360412875
1055,0.7915934570596542
1056,1.069001418245892
1057,1.4649384695632224
1058,1.4598276138660358
1059,0.6271229022264174
1060,1.172340222530488
1061,1.263844732090414
1062,1.205559522728847
1063,0.8245779813796547
1064,1.4029085475626546
1066,1.9699393540503454
1067,0.25183318676663236
1068,1.7731537454936281
1069,1.675393085431592
1071,2.7797840456411222
1072,1.8678040416377424
1073,-1.0755820103702223
1074,1.9925408839997576
1075,3.114189914626274
1076,2.1001562189150658
1077,2.4606571272583113
1078,2.263330122080159
1079,1.8973340149975848
1080,2.6868419542819937
1082,3.0472338512025985
1083,3.4661171259072865
1084,0.7486211512118608
1085,1.040215017574599
1086,1.1004612453661706
1087,1.7504376747763906
1088,1.0755258149603437
1089,1.4099107785967198
1090,2.3434215358212347
1091,0.9033206145339006
1092,2.690465282298294
1093,1.674270433262314
1094,0.8692812079809212
1095,2.945834196575098
1096,0.12168980576394262
1097,1.3844225706601763
1098,0.6145465597034263
1099,1.8912934054848871
1100,2.204637631732938
1101,0.8999676442205673
1103,1.417672709850862
1104,1.857874247480559
1105,0.9956071295835627
1107,1.2399845985264908
1108,0.3600644636106459
1109,0.47349261103513696
1110,2.848323085249519
1111,-0.3100192396928185
1112,1.1052578220295246
1113,1.6688967595679118
1114,1.6751592934079624
1115,0.6709093848620749
1116,0.8704503851920438
1117,1.5018059410473126
1118,0.8501487660365101
1119,2.6142129651814994
1120,1.525160824583843
1121,1.2069057051571699
1122,2.0738004704283024
1123,2.0264165306410407
1124,0.4756922894011704
1125,1.23663876266269
1126,1.4254362301253876
1128,0.26149245538292165
1130,0.4634259119867943
1131,2.8051222436701955
1133,1.9671812067239343
1134,0.321085352015315
1135,1.4301311226009048
1136,1.6015988471709242
1137,0.8140132875708889
1138,0.9962059121656995
1139,1.0777466721403801
1140,1.351676834707622
1141,1.254889065966802
1142,1.3097879235103143
1143,-1.0942466740048333
1144,2.439337770811184
1145,0.8469985600843167
1146,0.18303004069243134
1147,0.7261254977058
1148,0.761148180867276
1149,0.4244721498565722
1150,-0.1455694272488241
1151,2.326603923872375
1152,0.09559460723374857
1153,0.3182105263855082
1154,-1.1494956719126663
1155,-1.2783115297450782
1156,1.8331263381215948
1157,1.337495691696391
1158,2.1630549548004954
1159,2.0075839914102485
1160,0.4714003933887577
1161,1.055326158430179
1162,1.1216318382208428
1163,1.2894643780625996
1164,2.186608073457677
1166,-0.045963050973996875
1167,0.7600449154948483
1168,1.2617116827948693
1169,1.7656640129877001
1170,-0.6325434873991348
1173,0.9983458315439377
1175,1.731790719132204
1176,0.9315824547322652
1177,1.6588008958531308
1179,1.9377719970251288
1181,0.5195506624378419
1182,1.851751837663596
1184,3.7499393755193804
1185,1.970199892917083
1186,1.0761619997771799
1188,2.2199115232054196
1189,1.0771891937749678
1190,0.6621419296078714
1191,-1.0464213321136056
1192,1.8125799442224793
1193,2.2459702554905245
1194,2.1830641767196646
1195,0.6140400974979893
1196,2.0302166035890736
1197,2.169174431767635
1199,0.6027225020394432
1201,1.2003106569325657
1202,1.9033415963345557
1203,0.9944115868200168
1205,2.0868885647144015
1206,2.4863029972101796
1207,1.0269978485966695
1208,3.020546581195609
1209,0.8254621736780539
1210,1.9311073325790828
1211,1.4810784723252606
1212,2.89546605998243
1214,2.2632803867649143
1216,2.6390176775748158
1218,1.6050487975530947
1220,1.080553659221809
1221,1.104607506702883
1222,2.2816761067445075
1223,0.4832262062536939
1224,1.9905724937498988
1225,2.1338579202672574
1226,1.1898450755366607
1227,0.5416383017944777
1228,1.8799571428168975
1229,3.0498126025652357
1232,-0.22822817895525616
1233,2.759391497250103
1234,0.7721734266142021
1235,1.7385722944550688
1236,2.0048645210783755
1237,1.401112691852576
1239,0.5303960955434245
1240,1.9583267610497457
1241,1.0034723157088352
1242,2.3649333980446734
1244,1.4752483480157013
1245,-0.13822826777170089
1246,1.1617731754298166
1247,1.4409091060143082
1248,2.1101389497680323
1252,1.0479761176059976
1253,1.1706719873987412
1255,1.6768785432078968
1257,-0.1371206253454496
1258,1.1255945840378618
1259,1.639908876964007
1260,2.0173296906010667
1261,-0.5883081823598174
1262,0.5542546095998233
1264,1.420583484524599
1265,1.1076460426520178
1266,1.7174509018746609
1267,1.653990313306097
1270,0.722635969621898
1271,-0.015524606398754637
1272,1.4257181721813215
1274,0.22532092275587715
1275,0.7658575978400305
1276,1.1269889668801087
1277,2.5711825745529433
1278,0.8846912307599557
1279,1.3122226796887606
1280,1.184411164131166
1281,1.7986341320176822
1282,2.379793755643278
1283,0.5679690964885804
1284,1.6575411116599015
1285,0.04612426656126373
1286,1.9995121430658283
1287,2.0617321597536584
1288,0.9534823208764852
1290,1.053349667016302
1291,0.6654019979946831
1292,1.2555026359773542
1293,2.3801966678348485
1294,1.5136691812294458
1295,1.8974905847634254
1296,-0.15150649822031903
1297,0.5880343962656962
1299,2.294270953631966
1300,1.6635381765826422
1301,-0.3184615890452021
1302,0.6003064023962809
1303,1.1054005636995239
1304,1.9397155532172008
1306,0.6893590178895946
1307,0.7676701018253429
1308,2.258308768176101
1309,1.246687785126173
1310,2.621790439920303
1311,0.3345358954842445
1312,1.9771149225416522
1313,-0.25718737034474903
1314,4.214232850762455
1315,1.8113753179938694
1316,0.5067611262429357
1317,0.2419488235619784
1319,0.889171916505466
1320,0.40077402240098037
1321,0.31694075980671643
1322,0.903190177615227
1324,2.9455945889689863
1325,0.9636095858644418
1326,0.45245509397300443
1327,2.2668534068059376
1328,-0.7488354195034408
1329,3.1507606917217994
1331,2.0687130338174318
1334,0.9485480799324214
1335,2.743936954630766
1337,1.5848576440797755
1338,0.3464393484547076
1339,0.7382767206755468
1342,2.2885729433576234
1343,1.1897309382074321
1344,0.6593224898230768
1345,0.5910924513969951
1346,1.7900818683175934
1347,0.9904160143205628
1350,1.2877531807075935
1354,0.47848932792890314
1356,0.05043074797728886
1359,0.20747336222208201
1360,0.461668875351115
1362,0.6550443680883
1363,1.8423278393055382
1364,0.37213233767668946
1365,2.0177860800641247
1366,1.584662426970858
1367,2.404562577700581
1368,0.2685900834172085
1369,3.3065039845712665
1372,1.984156120022722
1373,0.7760128966188415
1374,1.0935580707116648
1377,-1.4598836242943785
1380,0.7296689575774327
1381,-0.2880377411062959
1382,1.36865446823126
1383,2.6446517590873255
1384,0.6646064963747382
1385,2.129622712631419
1386,1.823889206980246
1388,2.042109237745358
1390,0.6227452001713629
1391,1.6842803236656911
1392,1.2265080217347606
1400,0.6502884786203114
1401,2.917030324575677
1402,1.7842283094721578
1404,0.7047036105168254
1405,1.3221407532614378
1406,1.5074589365280096
1407,2.243549752450873
1409,0.995806614669613
1411,0.7025793232371093
1414,1.626320444421478
1417,1.145926924208653
1420,2.777103250091116
1422,0.9046152292894707
1423,1.8098838978712513
1424,1.7806865025006873
1425,1.7229303670593596
1426,3.021103292588868
1427,0.47633832244619023
1428,-1.3662745142387727
1429,0.6661606909011669
1431,1.180122981015594
1434,2.477823673358436
1435,1.8396750285405885
1436,0.025613490143171047
1437,0.7885127277211953
1438,2.337315278577961
1439,1.7149554841260497
1441,2.1501375755530097
1442,1.9640846393438613
1443,2.661638669475442
1444,0.04731101331263876
1445,1.050099617407719
1446,-0.6064129220465668
1448,1.0373373331442333
1449,2.8465443865466984
1450,-0.08264073583109
1451,2.16904496947312
1452,0.9278338458688982
1453,0.4561118128108321
1454,-0.12735196248651248
1455,1.0531628147647063
1456,1.0259630891011597
1457,2.570748168576536
1458,0.021928124886755107
1459,1.4107850070762327
1460,0.6508483355813981
1462,1.4425632766163001
1465,0.8017090788575847
1466,2.7647614568156973
1467,1.2285563771063843
1468,1.104916516608727
1469,2.3933127330001907
1471,0.7262665287804566
1473,2.226570739422752
1474,1.9876266868073278
1475,0.9065641719053357
1476,1.1232453349158518
1477,0.3978341273177352
1478,0.8885083494203219
1479,1.30461145435512
1480,3.0377292679481807
1481,0.8807656528370243
1482,1.6389760557258577
1483,1.477582128366373
1484,0.14555175954395505
1485,2.2098434919652323
1486,1.0736816491333387
1489,0.32067976084073396
1491,1.538089288241674
1494,2.097028428795508
1495,3.681555228007604
1496,2.2174437638364366
1497,0.9611025944520684
1498,0.3523573406948672
1499,1.8769677163080525
1501,0.950172445910845
1502,0.7966825497380804
1503,0.05333859006898817
1504,1.080489688389314
1505,1.9039295773553147
1506,0.7839359262416569
1507,0.1696050931814348
1509,0.9724950437211938
1510,1.708778826412091
1511,-0.20785983990194257
1512,1.3615398446139086
1513,1.0828069101296705
1517,3.7511478070367295
1518,-0.14374615174094196
1519,1.6115022283861633
1520,0.7314900043052704
1521,0.6569246727851865
1522,1.5350849542341396
1523,0.4362401671015885
1524,1.049449134144977
1525,0.7820093484428224
1527,3.0974850032405454
1528,1.2017723064349974
1529,1.7062272233397127
1531,1.6673211559509677
1532,2.2871567780832742
1533,2.833858356738644
1534,2.004177622589077
1536,0.8830310699736867
1537,1.9478331635800314
1538,2.072374495566941
1542,0.8493079729578477
1543,0.148358515164565
1544,1.3576732644714
1546,0.6036148849577643
1547,1.1249431561643823
1549,-0.0003335052569791372
1552,1.5839850633497956
1554,0.4530907138979239
1558,1.2803475935115094
1561,0.8880326038952557
1563,2.695247481409215
1564,1.0957481212969054
1565,1.7326020739680272
1566,1.2660897561615794
1567,0.9575148032400655
1568,2.5509975522023236
1570,-0.2346508023110061
1574,1.7613630551785715
1578,2.034903752104547
1579,0.7496128209188909
1580,0.24889502631975313
1581,0.34337447267102983
1582,2.420225760857456
1588,1.7044857995119613
1589,2.2351235946916264
1590,1.538636285041107
1591,0.9862328632151065
1592,0.5754194248803344
1593,2.730452143834885
1594,1.0963292732653755
1596,1.6125286183080079
1597,0.9727746172399545
1599,0.17196167142744642
1604,-0.17708240348664916
1606,0.7958981575392243
1607,1.5663758829617966
1608,2.744251357096421
1610,1.1523494771279155
1613,0.5793121357192039
1614,2.6133873316680343
1615,0.14707993715381734
1618,1.3125511454234942
1619,0.16773720854621177
1620,1.971407629448726
1623,0.12676446731159766
1625,0.9971058076163324
1626,1.6825254298277366
1627,2.0547817382493774
1628,2.144292554528829
1630,0.49233236742395564
1633,0.9051032287558116
1634,1.812699821187384
1635,0.5332008974719689
1636,0.982972437574213
1638,1.8243426337983102
1639,1.5725095222328251
1640,2.0299413298583655
1641,1.893388537272091
1642,1.9981615879440133
1643,1.4387898618074928
1644,1.468065409367042
1645,3.186145864052752
1646,3.063666394703894
1647,-0.16694681307673376
1649,0.010941649602058678
1650,4.191393815426374
1651,1.0076367119922138
1652,0.5492204816933139
1654,4.061384038375293
1655,0.9903962345798418
1656,1.9623539612954066
1657,2.0728881741755796
1658,2.1586075119519323
1659,2.0186154150045916
1660,1.857882116387207
1661,0.9755544223695661
1662,2.1795735805137
1663,1.9171486075970938
1664,2.593525351926013
1665,0.2512486698960881
1669,3.345783888631949
1670,-0.23913860530865816
1671,1.1340794675637544
1673,2.7830676878457457
1674,2.8655564455794353
1675,1.2503848159399065
1676,1.6991857334222948
1677,1.1256510531551296
1680,0.9569294603730818
1681,1.1749447895408303
1682,4.328650520262144
1683,1.220938143646436
1684,1.2626465886662155
1685,1.6130616669863975
1686,1.181097138251943
1687,1.9706658755490631
1690,-0.12622453751854185
1692,1.8160945349371218
1693,2.8767800582386487
1694,1.5673392250362175
1695,2.185613392356077
1697,3.0379365645626226
1698,0.20428777048604124
1701,2.480561845798255
1702,0.11788459666833945
1703,0.9047134505171044
1704,2.071591222678803
1705,2.390158547121013
1707,1.0211168866674885
1708,0.3279184096603722
1709,0.8723068516394021
1710,0.6343255796805605
1711,1.3983469316655028
1712,-0.6251851267257283
1713,2.7221058016129533
1715,1.5243111097216446
1717,1.3639184175404795
1719,1.3235557398019249
1720,3.91904666228584
1721,-0.7022315154449931
1722,1.7318197750831743
1724,2.3578544245556636
1725,1.3747614494020843
1727,0.32574244759787113
1728,2.413811489443726
1729,1.3521618784384026
1730,1.2968112638393725
1731,1.8738415795045313
1733,0.27116989616948106
1734,0.3764807415393733
1735,1.4170599532236086
1736,1.8511902323696248
1737,0.9572254784660786
1739,-0.34445426858970085
1740,-0.48721658613714425
1742,-0.737195793062779
1745,0.7509806172159303
1746,1.9049516697254452
1748,-0.04956761958126932
1750,0.8450076441478491
1751,2.0578245748255934
1752,1.964814214324491
1753,1.0542773490675046
1754,2.246952829735843
1755,0.86928011874741
1758,1.574970596291075
1759,2.2486388904942043
1760,-0.6391696960939027
1761,1.7130086662713362
1762,0.9929505494650113
1763,-0.059518363941040764
1764,0.24433497519755884
1765,1.0850336835333583
1766,1.536902769096
1767,1.5374443344562756
1769,1.5271837232093057
1771,2.516121731043046
1773,2.099037119187245
1774,0.9003944090411434
1775,3.2055927312810915
1776,1.5246243623988145
1777,-0.777263233579949
1778,2.5422654766378177
1779,-0.08052758228158752
1783,1.8708785605632496
1784,0.37446804031639147
1785,2.8025099811011978
1786,1.4800513886838584
1787,0.5850748242628439
1788,2.803575176018187
1789,0.612552275598572
1790,2.619699622044803
1791,0.9277166673368221
1793,1.5250682282265338
1795,1.1541134424779194
1797,0.9573793783028597
1798,1.4330802546132446
1799,1.500445318595447
1800,-0.05835687753898655
1801,2.1956291789803264
1802,2.280470008613815
1803,1.0605372586524973
1804,2.9808069990300536
1805,1.5119090680557852
1806,1.8816507872298993
1807,1.354379492105486
1808,2.854338568130369
1810,2.0167164760959664
1811,1.2453679663815458
1814,2.309984433726362
1815,0.5668738597427755
1818,0.3950673390488991
1819,2.7391542333616696
1820,2.2315769511234294
1821,0.7092171493900056
1823,2.159396216006495
1824,2.3462658178300826
1825,1.3411236271579998
1826,0.8159082618070166
1827,2.185195681625835
1828,2.377224950271914
1829,0.86698590517581
1831,0.46675656550436206
1832,1.9516952117733177
1833,2.0528670133599527
1836,0.3732151987101537
1837,0.36766662222468205
1838,2.0832430622179965
1839,1.274931994145299
1843,2.2839700949083417
1844,0.7525823412206311
1845,0.48385307696605784
1847,-0.4764690149556928
1848,1.7826385710218335
1849,1.6401029341573745
1850,2.1714873465230533
1851,2.277534261035239
1853,-0.07458536845056712
1854,0.8450783632611618
1855,1.9768350501569285
1856,-0.22413150955728633
1857,2.3798607674950256
1858,-0.12564503533172755
1861,1.4968074917097485
1862,2.103371762007462
1863,2.197883895097947
1864,2.2062861737924813
1865,1.4239762647465801
1866,3.2862157812187127
1868,1.5938117658188822
1870,1.365852641164374
1871,3.736576862890207
1872,1.820655192526465
1874,2.7129521829549983
1875,1.545796609189895
1876,3.4437196785782973
1878,0.17723321158154753
1879,0.4056155600131993
1880,1.7312503688680891
1881,1.1657610010029555
1883,-0.03419516224121043
1884,2.1345652059129914
1886,2.20802931636822
1888,0.5972006276093096
1889,1.3829999559256962
1890,0.30885593387913124
1891,0.3423020302753196
1893,1.5280821633498887
1897,0.5217576276825537
1898,0.47249405218156326
1899,-0.22440347815462613
1902,1.621520342381323
1903,1.7856503547787694
1904,0.4139366267310449
1907,1.1199458822238553
1908,0.12113356328796432
1910,1.713673649707848
1912,0.15761889845357413
1914,-0.010297644915521764
1915,0.5206759992215049
1916,-0.32842992843376795
1917,1.014333557930957
1918,0.6547973540850426
1919,0.5456287290964079
1920,1.7454917924897928
1923,0.29403840150254545
1927,1.6932862597222453
1928,2.4572347590907486
1929,3.794923684150781
1930,2.604794543826801
1931,1.5822275012278513
1933,0.8155766736670975
1934,2.069570665153682
1935,-0.19511221687023983
1936,1.1377891127340836
1937,1.9904950702908386
1941,1.472435837734411
1942,-1.265997693539729
1945,1.1708032892918492
1946,0.6801555049193012
1949,1.688776257456242
1952,2.3884753611358724
1953,1.6927829092156754
1957,0.9262468592967753
1958,1.3578247688216076
1959,1.2352161653655065
1960,0.7621660708930826
1961,0.7448759259981523
1963,3.308031165938161
1964,1.5774964474371893
1965,1.8600506707657418
1968,-0.1699907089009336
1971,2.178109248007827
1972,-1.017547065667604
1973,1.8816943683705265
1974,0.2708259590616361
1976,2.033632041477054
1977,2.303710137796338
1978,-0.12684094074778351
1979,1.7042796124726305
1980,0.09238757872684877
1981,2.4371289734902826
1982,1.1852629712529246
1984,1.8991845642636025
1988,2.3410519478849876
1989,1.6295646536286736
1990,2.8941772575437343
1992,0.7414067607619782
1993,1.5061217057945169
1995,1.4748140768373632
1996,2.2247810677042974
1999,0.24140103002876523
2000,2.215432224652177
2001,0.7234969149226506
2003,1.346007306819381
2004,0.946078748060688
2005,1.5613861417103752
2007,0.7978921146872294
2009,0.24934786620019067
2010,0.17389941408539028
2011,1.3335802413164124
2013,0.6079952630129178
2014,0.3177019348026161
2015,0.8777766118006856
2016,1.4822836570829547
2017,0.5791746462335875
2018,0.7012977228704274
2019,2.630579557510842
2020,0.9815579721124261
2022,1.6563176102586912
2023,3.0596908034050085
2024,1.9202422790908846
2025,2.2261221537062736
2026,0.7416576290705043
2027,3.0433744530024396
2029,1.3410072783043718
2030,0.24572050804702295
2031,1.9175967146665285
2032,-0.41561187645935604
2033,1.5502487752379763
2036,1.0495335314544278
2037,1.9099110119830094
2038,0.9878511797946574
2039,-0.26743923414326454
2040,-0.33677929688845887
2041,0.020768956107667796
2044,1.888257175149824
2046,1.8719234670419287
2048,1.1268096745667635
2050,2.2161418958161665
2053,0.33634242557396477
2055,2.1908253796832446
2056,0.08557134792864896
2057,0.8967647598235289
2058,0.02444460886111266
2060,0.48229493689473135
2061,0.8548254622613839
2064,3.6736181971081243
2065,2.298073527568645
2066,2.7133625611112557
2067,1.6994251587730589
2069,0.3096510000618481
2071,0.12330751588868538
2072,3.0017841622754977
2073,-0.1646749005053279
2074,1.1098591728263698
2076,1.5887861662774394
2077,1.3770002691781411
2078,0.21830424044127283
2079,1.3870803605826627
2080,1.5019891681616218
2081,0.26550371034671083
2083,0.8937674071191518
2085,0.32576253011707035
2086,1.6704735855482236
2087,0.7236333636591283
2088,2.528986529351224
2090,0.5933286662153837
2091,2.120078427225779
2092,0.4245288960193452
2094,0.008025156606257466
2095,2.77930631130746
2099,-0.8459592181915536
2101,-1.1727806544613892
2102,0.8271057247507969
2103,1.3385203956100518
2105,0.01911943944346209
2106,-0.1606551108220865
2107,0.06930411539018573
2108,1.3461642017204338
2109,1.2613816448496022
2110,3.190319848034849
2112,0.11708851246554264
2113,1.7571553836141653
2114,0.06484088551045325
2115,1.0802829788654136
2116,2.1704188399049684
2117,2.020213570746327
2120,1.2593047703844495
2121,0.6831662165834747
2122,2.063073778870919
2123,1.1523326702826722
2124,0.023640544153483267
2125,0.7910846619282552
2126,1.0682918962201022
2127,2.5095034617674155
2128,1.085606551497256
2130,0.9524949614081015
2131,1.3549433051360038
2132,0.9266886755438238
2133,1.4106029619005338
2135,1.5747361090017256
2136,2.6642885593797088
2137,2.1140325415119468
2139,1.6210727012976278
2140,2.770516387775781
2141,1.0062834776433698
2142,2.359300511024778
2143,-0.32572036934259246
2145,0.8826687142774533
2147,-0.42318911501464
2148,1.0345928694904019
2149,0.28132890037370534
2150,2.8402037032743443
2151,1.9219625386684807
2152,2.6721405729734515
2153,-0.11861972109863592
2154,1.2135626215280335
2155,1.4986692723364312
2156,2.2605569092265605
2157,1.857600714385723
2159,0.49197971183997724
2160,1.4840369356360172
2161,1.1729738559323013
2162,0.9068702265909518
2163,0.6632213365070841
2164,0.5260333140167184
2165,0.8612954074344066
2166,0.9213709844642897
2167,1.8667859232793294
2168,2.6745549654022747
2171,0.4078062683927822
2172,2.226949802197434
2179,2.119257455002246
2181,1.5482420570587792
2182,1.9946253152511677
2183,1.6478795402780537
2184,-0.019939553998094328
2185,1.8371639980893846
2186,1.5176393321131356
2187,1.0501938967107907
2191,1.0547582194174392
2192,-0.8187778503243828
2193,0.5101031466976961
2194,1.288069644375657
2195,2.8652718026558257
2197,1.3038273867510122
2199,1.1089268735233737
2201,0.6358515369216474
2203,2.756942840046853
2207,1.4437045029085813
2209,1.3659203985594826
2211,0.8579173672770043
2213,1.9470874171209092
2217,0.3795646711863637
2219,0.32437507483756134
2221,1.776193621570254
2223,2.2473383893003263
2225,1.238968416149541
2227,1.5407660344014378
2229,1.155170996193586
2231,2.1279190996814563
2239,2.0889104526943862
2241,0.8592146936480017
2243,0.3948599708980961
2245,1.7243998749093732
2247,1.4699234023244947
2249,1.9644299081781385
2253,2.1376274817107217
2255,3.5299462936832047
2259,0.809379397021927
2263,0.46450501665504906
2269,1.9984487222846534
2273,1.3431852550073016
2277,1.9935846109449338
2279,3.968484530901886
2281,2.185409727839947
2285,2.961974698709428
2287,1.3107832533628088
2289,2.046881561665303
2297,1.86492999917649
2301,2.4943435525126225
2303,1.0974139999587038
2305,1.7672582401617163
2311,1.2353157020399397
2315,3.085250163540547
2317,2.1513170711345126
2323,0.007769147990449865
2325,1.9793204582736208
2327,2.2206785653044703
2329,0.9564897490790425
2333,1.1855644004559904
