4461
1317
4812
88
4804
284
2436
2727
2637
3626
1110
2762
4229
2889
152
2471
2166
1727
4177
2954
3064
3544
4732
4466
4446
640
1093
1645
2944
552
2474
2681
3289
641
2486
3321
2027
2662
3558
4757
3321
2713
4898
1464
3162
4512
3934
2857
3962
4607
839
1867
4173
45
836
4072
4949
3667
3399
4275
3291
1880
2183
1735
2329
3036
4292
289
566
777
931
2662
4380
4158
3486
1537
3512
2873
4590
3311
3161
1522
4890
508
2013
1643
4456
4904
1173
2486
4210
2981
3708
1826
840
3977
3460
2648
3264
3278
1972
4514
109
296
3003
3371
1598
4761
691
2656
3384
4061
1072
1056
2470
4916
1209
4079
4362
2287
4072
4661
4118
1356
2116
3641
4908
4630
3054
834
4568
2333
4325
2012
253
2730
174
1862
55
3102
30
486
3234
4606
2553
3372
1932
3129
2069
113
2362
1291
2331
1631
1441
3867
3473
534
3359
966
957
3530
370
4815
4316
2042
2337
2583
1450
4761
4462
4772
788
1615
1429
3027
747
3117
1194
608
3765
397
3602
2312
3304
3264
1769
5008
530
1975
163
1291
1190
4857
1923
1616
2640
1258
3002
3177
3174
359
4437
4464
2002
697
3687
4594
2612
1199
2038
37
3376
271
4190
1403
4806
533
1759
4774
69
873
2424
2253
4666
2888
2067
1612
2250
487
1341
862
2238
1086
2571
1712
4908
2868
2298
3620
3426
2008
3846
4258
2630
2712
4854
428
3494
1320
2711
