ID,y
1001,0.14931563048648266
1002,1.2064045448227745
1003,3.859781216343066
1004,0.969852244193854
1006,-0.09580881958594274
1007,0.9433797197190086
1011,1.6599417721819296
1012,1.923369984511919
1013,2.284319401294714
1015,-0.4890985584772733
1018,3.4311429688508284
1019,2.7927424927699276
1020,1.1942627733950193
1021,1.1036690261379192
1022,2.3652775315355026
1023,2.030673885979911
1024,2.3027332221225514
1025,2.151791185256797
1026,-0.31985638339462363
1027,1.1147792045352738
1028,-0.6257814163133867
1029,1.4431205709628554
1030,0.5666957733076161
1032,1.2560963612373788
1033,0.5130070906188327
1034,0.9029275697461753
1035,-0.8554966608076838
1036,1.7921623064605998
1037,0.8726106864412648
1038,2.5968511334742805
1039,0.8198291008422063
1040,2.028779089617297
1041,0.3463677743051954
1042,1.4440938077209577
1043,0.7970257803783127
1044,-1.016533772195463
1045,2.1680575910411477
1046,1.3236828488379893
1047,2.828406570425855
1048,0.7899665658886021
1049,1.1926820987201285
1050,0.5482855523370607
1051,1.0351701064705157
1052,3.092692738341861
1053,1.69769519188016
1054,0.6473369527961995
1055,1.0865026064885592
1056,1.2326973842035418
1057,2.1230468578680184
1058,0.37006727032860043
1059,-0.45389763899550234
1060,1.5177624310417417
1061,1.15365854321061
1062,2.09603884728508
1063,-1.4233776085349907
1064,1.3821858028512481
1066,2.180979539545495
1067,0.1808633611351615
1068,1.4372923250890228
1069,-0.28916941255674206
1071,1.7262649136881056
1072,1.7497525080173963
1073,-0.9497168578602655
1074,1.6180024819052836
1075,-1.67153732682725
1076,1.3181118187337892
1077,2.3306395698906304
1078,1.3113884121827974
1079,1.8946301203210703
1080,-0.5839235696054563
1082,3.087355651200511
1083,1.6208549787090123
1084,0.0634833512067357
1085,1.4246839880039956
1086,2.195414296646024
1087,0.6106306456143933
1088,2.3760335303278457
1089,1.3590402610906265
1090,1.8197580268057147
1091,2.085942426986154
1092,0.7471352382215457
1093,1.0236962128313138
1094,1.339787500708562
1095,0.7068736447112798
1096,4.313493365477478
1097,2.3028226814667367
1098,1.2216045867373029
1099,0.1246914000305287
1100,2.4262881224037636
1101,1.9645604881638326
1103,2.1060433935091525
1104,2.454523442870391
1105,2.3233291300973122
1107,1.6929947479875553
1108,1.0821816112260885
1109,-1.5006529714345442
1110,0.778194497327454
1111,0.953180024069447
1112,2.46464533742027
1113,2.2859991363304704
1114,0.6746871931802588
1115,2.882020010622936
1116,1.0099776414401032
1117,2.620996291600957
1118,1.2028293113445119
1119,3.7392686984893295
1120,2.4130248376083268
1121,3.0444616284919013
1122,2.1044568676489788
1123,2.6629997397876943
1124,3.318510412331137
1125,0.6876703704886938
1126,3.3200874723471516
1128,2.6536981754772637
1130,3.5142003191990376
1131,0.7666536976713245
1133,1.8696050513441353
1134,2.033256233507935
1135,0.311789042895673
1136,1.9831730514554047
1137,1.094908058690027
1138,0.4810996853976567
1139,1.0824342703529355
1140,1.429348877134469
1141,0.16427041840912304
1142,-0.24633291403671298
1143,1.3553931925028477
1144,0.4896039599795585
1145,1.5906290729618648
1146,-0.45059738706728936
1147,1.3082839938816517
1148,1.0311193708477826
1149,2.8623007407951446
1150,1.7876906027616528
1151,2.071538946674326
1152,0.5696627308725574
1153,2.3476785882033457
1154,0.4173289742827759
1155,3.685611265963436
1156,-0.8760577615331718
1157,2.649658810375491
1158,2.8287608942054874
1159,2.3275184217958755
1160,1.670372850422327
1161,0.7691836233358491
1162,2.530935138474534
1163,2.8261755952664274
1164,2.057274334182131
1166,0.708819288098977
1167,1.4148823482986495
1168,1.3450763131619101
1169,2.5862711030371397
1170,2.853798883164014
1173,2.350837780216609
1175,0.8509126463542503
1176,1.9402625674294518
1177,0.8904979702235143
1179,0.13604073113783144
1181,-0.23905974408728758
1182,3.0247673812035365
1184,3.441332401135911
1185,0.6543820640234821
1186,4.68085729363569
1188,2.7733107312261662
1189,1.9442146425560214
1190,1.9046711448640887
1191,0.6888090566064025
1192,1.031400541445533
1193,0.7022078242292267
1194,2.4556290021185245
1195,2.007172974350606
1196,1.6622547130845406
1197,0.7711230145591641
1199,1.753782139982453
1201,3.2044556284382817
1202,2.6261641831669493
1203,1.0098365612648053
1205,3.463025782089679
1206,-0.44831326768523516
1207,2.101418027197201
1208,1.970275840461352
1209,3.1857741576989085
1210,1.357010881465261
1211,1.234541244338995
1212,2.2376428341235886
1214,-0.28554457848272263
1216,1.2450751826139046
1218,1.3504298552091816
1220,2.637956294913411
1221,4.453792282920275
1222,2.516398757723466
1223,2.309545474342409
1224,2.5118297937828467
1225,0.8578873273223746
1226,3.448750758687491
1227,3.8109612284994094
1228,1.8081437983280904
1229,1.427489311236594
1232,2.035322189739311
1233,1.2069793758571148
1234,1.0512964848726205
1235,2.5021022684330694
1236,0.6249440164971242
1237,0.5564250719631032
1239,2.989279592097734
1240,2.7397816039497274
1241,1.132074728904809
1242,1.8227695487845228
1244,2.3974235626915616
1245,1.6883335785694402
1246,2.279722443439144
1247,3.4032057166999414
1248,2.453715368359001
1252,2.624506679111491
1253,0.6678690742209203
1255,0.6816777036349042
1257,1.3456978164022741
1258,0.7186085295098402
1259,0.6754772570543464
1260,3.0683951216679506
1261,1.7504019807491746
1262,1.028370861232888
1264,3.2613573519952848
1265,1.0935104723042843
1266,2.099578725948147
1267,1.4364345306343764
1270,-1.157123033959556
1271,2.7061491152216552
1272,1.7549884384310714
1274,1.748674156054228
1275,1.7092870974391958
1276,1.7852056213590344
1277,0.5200724575265192
1278,1.3904527973184295
1279,-0.4974453413148079
1280,2.082429602018835
1281,2.8259494402371406
1282,1.8515968882018672
1283,1.6746681194831736
1284,0.25301840861829406
1285,2.1895607843213156
1286,1.1940293412498733
1287,0.11987251023308443
1288,2.340091474501377
1290,2.750844323314676
1291,1.4832375641012014
1292,2.377736430427167
1293,1.2583514345754216
1294,3.136829610639273
1295,0.8865937399891133
1296,0.3611851299320561
1297,1.642680453089345
1299,2.6624319843514566
1300,2.110966049348373
1301,1.7584533848081352
1302,2.9922265542724453
1303,1.1428126686744235
1304,2.515442472067444
1306,1.1634682013680329
1307,2.121184517993755
1308,-0.7128644535146824
1309,2.2592941746822426
1310,1.036891274470492
1311,1.6055127458531375
1312,0.88581594925187
1313,0.6790401170197115
1314,1.2168715896417668
1315,2.6133510497609675
1316,0.7743563676651961
1317,0.29120019451463486
1319,1.8002045886211613
1320,3.764022331306286
1321,3.7040312597522247
1322,1.578691759368352
1324,0.9070560484274677
1325,2.298606262198827
1326,1.0358353029458942
1327,-0.2172184879531095
1328,1.8453786966075134
1329,2.688127613401108
1331,3.7395727660567535
1334,-0.42198162988259624
1335,1.1303444366390938
1337,1.0683446525182219
1338,0.6336129751111678
1339,0.007873438599963811
1342,1.5100047096520048
1343,4.030083394421613
1344,1.2933888272954217
1345,1.6310709564843553
1346,2.1792700948312644
1347,0.18833722634619265
1350,3.217183524903562
1354,2.1169460515797653
1356,1.1906772942765667
1359,1.7614489650661738
1360,1.8811703766815864
1362,2.7281255848242747
1363,1.3041704871632176
1364,2.238437321724993
1365,2.79067955734116
1366,2.02529655854597
1367,1.7377594255443087
1368,2.1414107740883925
1369,1.9665233907925816
1372,2.6069937008364517
1373,1.8226064756580604
1374,4.554824400044902
1377,0.4597422404910273
1380,1.2696884433058906
1381,1.780581242540405
1382,2.5689685313711617
1383,0.3441241341720511
1384,1.917750281265949
1385,2.666546275543251
1386,1.5218128907935398
1388,2.499088366038655
1390,0.524657012595382
1391,1.9612852955547169
1392,2.0595732683147463
1400,3.0204773435341723
1401,2.251219841261937
1402,2.556803259979587
1404,0.8826523528368053
1405,1.40728752014142
1406,0.9925231801320873
1407,1.6266174759554703
1409,-1.2158450584950202
1411,1.2973419867266394
1414,0.4891188906999091
1417,1.1033415998923883
1420,0.4865239369154819
1422,3.1118932970664472
1423,0.6140184821486097
1424,0.06869722387177646
1425,1.6222506554335607
1426,1.8670613061034664
1427,1.0731307837643476
1428,0.005089126315016457
1429,0.7753725953199138
1431,0.43860056022040605
1434,0.9756715663419044
1435,0.9604822691530347
1436,0.185738405495943
1437,1.9310578557631684
1438,1.1800939844294487
1439,1.1969368833223561
1441,2.2784214448670377
1442,0.3556297604659623
1443,0.38165255089844075
1444,1.5397185163962035
1445,0.14478139658420575
1446,2.5460336316975676
1448,2.029180864396167
1449,1.0818120959071136
1450,3.1267701499298406
1451,0.886591420033771
1452,2.737301987689203
1453,2.0230613845032472
1454,1.7480509756337046
1455,0.6616303321007658
1456,-0.3982370797716839
1457,2.323355128151447
1458,1.168903916791486
1459,1.1783899179272836
1460,0.9736130110228864
1462,2.968444192145328
1465,1.6131544744083817
1466,2.051415945239629
1467,2.6689960447257657
1468,3.566103779708114
1469,2.627518782689529
1471,-0.08502082170095093
1473,1.2491060457357024
1474,2.886381403551683
1475,1.5169200810338883
1476,0.49885422850646766
1477,2.805587595694561
1478,1.769641641416964
1479,2.2296207528184486
1480,0.7747366695809343
1481,1.101723381077589
1482,2.244101869818193
1483,1.8230574437581506
1484,1.4245419334941003
1485,1.4178367600385222
1486,0.9491311785848932
1489,1.7810044343402354
1491,1.3178293729987853
1494,1.7740463833525584
1495,1.724287048622009
1496,1.1372175809651197
1497,-0.02478284061668612
1498,0.1874456315027686
1499,2.333577647984508
1501,0.28739739837164
1502,0.8733871593080356
1503,0.7875582660945863
1504,2.0952104227974897
1505,-0.6483917345356505
1506,1.57219353215079
1507,-0.20007076765625897
1509,0.8779386591424546
1510,-0.7237175880367928
1511,1.3253140241870407
1512,-0.0010479371774023694
1513,1.567373320338573
1517,0.9494080241886773
1518,1.4553061555923377
1519,1.7155748720682975
1520,1.2540312215638982
1521,0.2837465375439321
1522,2.3495642442241076
1523,3.38952519922306
1524,1.9324636182050643
1525,0.5501970080446474
1527,1.0485944193617205
1528,3.654249256252406
1529,1.6297569470075315
1531,0.9072739186568015
1532,0.1478947611282787
1533,0.4029238327248129
1534,0.623248689447724
1536,1.241998576389826
1537,-1.0458094750455837
1538,2.754983866882953
1542,0.31260984315438844
1543,1.7248157274667302
1544,2.309921179077822
1546,0.5285149198869191
1547,1.804864154291904
1549,1.753367518143925
1552,2.5530554813458273
1554,2.34839267024152
1558,1.6748284998214331
1561,3.4326016131107417
1563,0.9317421510338166
1564,1.1918343763231334
1565,1.982304642202143
1566,0.5906714253071953
1567,2.940762832670384
1568,1.501605876081458
1570,1.6983582286148522
1574,2.349926983238575
1578,2.456414179686348
1579,3.651560632534175
1580,1.9517023308510792
1581,-0.26569547099968016
1582,2.04249811925359
1588,0.983124206237745
1589,1.279545702092164
1590,1.850396987184525
1591,1.68709430378994
1592,0.9420400486515937
1593,1.1605491984615703
1594,-0.19890338255124365
1596,0.21682642720985085
1597,2.5420015215219687
1599,-1.375283736574927
1604,3.3910356031620994
1606,-0.33373243262528673
1607,0.027823273760409828
1608,3.1457168720913398
1610,0.735666649343732
1613,0.30431062480780224
1614,0.7945934038028921
1615,2.883730219115694
1618,2.0386842979454367
1619,0.3046521477613017
1620,-0.6433001587218604
1623,2.1823144421913185
1625,3.17237244740278
1626,3.4007496273890756
1627,2.0345911067000926
1628,2.1253610114769015
1630,2.21242010925011
1633,3.1308309839356565
1634,1.4907739792101304
1635,1.3051689171085799
1636,2.553281740957722
1638,1.5670134504865891
1639,2.665344796292005
1640,0.9418937286548914
1641,-0.4480230328228644
1642,2.6854601651719308
1643,0.7744497659566748
1644,3.03041574758163
1645,0.3338729031677835
1646,1.2488411797977628
1647,0.4417038006081714
1649,0.5266318561709691
1650,3.9577061336388026
1651,2.078137831835318
1652,3.0083141971532013
1654,1.807739461974391
1655,0.7910519077676683
1656,2.8978340475752287
1657,2.3641885073425772
1658,1.1813390814538098
1659,1.914532640324758
1660,1.7624665678999762
1661,2.207126883776042
1662,1.3019649273117875
1663,1.0809006095202807
1664,3.112509795721841
1665,1.0717588354585708
1669,1.1452768198952719
1670,1.4249460191394443
1671,1.7962809036244292
1673,1.898662516573691
1674,1.9803470045654736
1675,1.7200758723158864
1676,2.1489730848593718
1677,1.4408385089594313
1680,4.240178655239989
1681,2.7761834667862355
1682,1.5832281765575638
1683,0.9687755348443713
1684,1.540932760034523
1685,2.477123510346018
1686,1.2442318139816508
1687,2.081150287730115
1690,1.0042475828905633
1692,0.9200032484908085
1693,1.7375347699343084
1694,-0.005040322748741666
1695,0.2817568800015078
1697,3.1978423999969103
1698,0.4295623426628542
1701,2.248224201563475
1702,1.3216490249865365
1703,1.290692222151249
1704,2.4614636039254725
1705,2.1385323923348745
1707,0.0019604160800810733
1708,1.1195480798409672
1709,1.0058661004516032
1710,2.0336086765975727
1711,0.7360558484999855
1712,0.30383975264661534
1713,1.2527841879847024
1715,1.3657141551536607
1717,2.2555376876077045
1719,-0.25188059186634554
1720,2.109991270301811
1721,-0.18163650609618348
1722,0.41540729162425416
1724,3.6659553207100197
1725,1.9257872264495015
1727,1.5816500633954846
1728,1.6300436195604495
1729,3.14126399234435
1730,2.684965518035175
1731,3.179462549413211
1733,-0.24686266790739753
1734,1.0201116341605365
1735,2.2160195723844716
1736,0.38693592423910106
1737,0.5223909986499111
1739,0.7468087626658935
1740,1.39930795978161
1742,0.1977834019411021
1745,2.6064711093264394
1746,0.4500504686673005
1748,1.2604667905737976
1750,0.22043386732112435
1751,-0.20067507203519896
1752,1.4836221305340929
1753,1.8671383918554567
1754,0.6509112311967871
1755,2.258019617701413
1758,2.535015630985917
1759,3.890478700871822
1760,2.559683623055283
1761,2.003892867486486
1762,0.8433209479487803
1763,0.8292735657111083
1764,0.7223789557603881
1765,2.5494818609044803
1766,1.5285298927020956
1767,2.737683926740135
1769,1.8044709923333968
1771,-0.8942517164345689
1773,0.8827225505317237
1774,0.9598109620812657
1775,0.5306186794449507
1776,1.3533450402965885
1777,0.46915459266994075
1778,1.9983608551121457
1779,0.8411024992817631
1783,1.5982065979296112
1784,1.7494019881085658
1785,2.066639113757428
1786,-0.03261885804160891
1787,1.4402617952919399
1788,2.4594641834463595
1789,0.7248524390207729
1790,2.23586447809521
1791,0.19314672267838393
1793,2.331360227020245
1795,2.0622482218235256
1797,2.664753173386465
1798,1.1820274090896696
1799,2.0371588814763744
1800,1.4295239608273784
1801,3.277033827729813
1802,2.8139002331436602
1803,3.368702703320925
1804,2.2570719857811046
1805,0.6531549925032274
1806,3.2131303289419297
1807,2.288725275486971
1808,1.4713823278460842
1810,0.7307245882653204
1811,1.8374000673937094
1814,2.483740554607951
1815,1.172199357200125
1818,0.9267545648493081
1819,0.6333347190913721
1820,1.8847953197556075
1821,1.169780893790174
1823,0.6752014099970836
1824,2.914905493878857
1825,0.9160160137153279
1826,1.4008798862604712
1827,0.05475760981552247
1828,1.8031628985666077
1829,0.2969527544716192
1831,1.361874147743974
1832,0.5593497266210126
1833,2.169396089662193
1836,1.6120929581113455
1837,1.85151341874731
1838,0.9712165338553099
1839,1.250747691722763
1843,1.1496806579240002
1844,1.6433556149201733
1845,1.3648516566011344
1847,0.846193841988421
1848,2.3388665032332794
1849,1.8934147833065682
1850,0.5909110406613819
1851,0.9234415600941073
1853,3.1556423022276645
1854,1.1597262775461492
1855,1.6442465666437347
1856,2.1561463956925726
1857,0.6698387065245246
1858,1.4826968816922605
1861,2.0105566788957887
1862,0.829524144215819
1863,0.2832985430870993
1864,0.5941380533982054
1865,1.9184783000578438
1866,3.872416232996714
1868,1.7478681719349978
1870,1.6430555104340194
1871,1.410333399894706
1872,2.007499359662446
1874,1.4880582654665577
1875,0.9187179487868494
1876,2.2380783529763244
1878,3.2145476593986118
1879,1.1377742146035623
1880,2.2368413035537458
1881,0.9649153221565888
1883,2.373774378456581
1884,2.728018642796429
1886,0.506706107131049
1888,-0.8748257258074631
1889,0.46515336719809275
1890,1.791375588633065
1891,1.968080283219484
1893,1.3231980699156027
1897,2.2747044748139706
1898,1.7941706115494125
1899,1.0670620099964383
1902,1.6158130010596135
1903,2.5300935794759907
1904,2.2077535173870824
1907,2.849511013616487
1908,0.7534088456535818
1910,1.9538245610271314
1912,0.03302980123106802
1914,1.5818995477622542
1915,1.4446073445024068
1916,0.2666296620832102
1917,2.950844078660702
1918,-0.8161785741741268
1919,0.7881121065043322
1920,0.944266683045311
1923,2.497764191687299
1927,1.7779589178052388
1928,0.6787471723278766
1929,1.3501187274043163
1930,0.9411118951530861
1931,2.846869524352016
1933,2.2883108494264173
1934,1.0756509739713551
1935,2.290538635342827
1936,0.9312620749695188
1937,0.48842115368914585
1941,0.9529394677717304
1942,2.0011076355057926
1945,0.09917251758648815
1946,1.1980200364839835
1949,2.163511892893501
1952,2.2164927779807515
1953,1.8486332054865884
1957,2.1384781034370444
1958,0.881599402121242
1959,1.6539475671433845
1960,1.0948373818290251
1961,2.07152751453319
1963,2.8485959698058196
1964,0.9167144025026737
1965,3.3716204392997478
1968,1.4667317822904735
1971,2.129011519501823
1972,0.9953056542404293
1973,3.3485915035458773
1974,1.4217081225145043
1976,1.8313732935682046
1977,2.173784693641878
1978,2.321499816643926
1979,2.336068926400501
1980,1.423698978515402
1981,1.863018683002638
1982,1.0986610583747298
1984,2.1506150546661593
1988,-0.5380972240073687
1989,1.859553881222709
1990,1.4108835473441532
1992,0.11006560810658783
1993,2.492461282769993
1995,1.6393963661881183
1996,0.12962753642188185
1999,1.8007071481449604
2000,0.10247082942425904
2001,-0.09473536080962199
2003,0.3888841363230635
2004,1.0108756756635728
2005,0.0301197097724325
2007,1.800040389441305
2009,0.03857949827709628
2010,2.4739174009387446
2011,2.618221252355708
2013,4.218360135442501
2014,0.3427790253878398
2015,2.1967879986521694
2016,1.985788854073673
2017,0.00047632843652589685
2018,0.09800239232914865
2019,1.127538355951197
2020,1.9771305841638789
2022,3.3117948367614627
2023,2.3200758789666533
2024,-1.1619947895568956
2025,0.39400008886861115
2026,0.46420090047912055
2027,0.9338614264172405
2029,0.7719877720249471
2030,0.7836768697222762
2031,-0.7880054132785047
2032,3.308216331106164
2033,1.851547805111843
2036,-0.31686192884942077
2037,0.43568423340260176
2038,1.1408892513688782
2039,0.860393351649488
2040,-0.32123105530872675
2041,0.8323880630235193
2044,0.9055691130207824
2046,1.122565288631484
2048,0.980354498613951
2050,0.20495440520824493
2053,3.149180974358168
2055,3.2907338698503166
2056,1.8600211957140271
2057,2.9648175716736627
2058,-0.012572536945799628
2060,1.0876228550514053
2061,3.1079667361913534
2064,2.29101709626133
2065,3.266446718833695
2066,0.737315013288186
2067,-0.04345342416016873
2069,1.4075922132800782
2071,1.1122103709135664
2072,3.110715928084987
2073,0.1712924699564442
2074,1.3569646093840027
2076,1.495097324983962
2077,2.2482805845060283
2078,2.61955481012989
2079,1.6407451411727378
2080,0.8714672014177893
2081,2.8435042677430182
2083,1.3359725894592156
2085,1.6696487940704372
2086,1.1069604642107733
2087,1.4516673801087638
2088,0.1393129059706073
2090,0.7579218728526982
2091,2.7059768661370946
2092,1.7931083679552258
2094,1.6345586164502233
2095,1.6466675768325247
2099,2.1275233289128694
2101,2.4465011968426866
2102,1.9204745104557817
2103,1.400634047614918
2105,-0.08644478065903738
2106,1.6180019436539372
2107,2.4021958929824017
2108,0.8603281966063536
2109,-1.4498958920773986
2110,0.9237169124069053
2112,1.6907455634005837
2113,0.4464680976557093
2114,1.362184139236122
2115,1.4735413173226215
2116,1.1622738212909884
2117,2.0067551864062585
2120,2.3939058388463312
2121,2.5399337865470653
2122,0.6725287722103259
2123,2.2413813872966584
2124,2.1136997707884855
2125,2.725918644444582
2126,1.6676464351696343
2127,2.5484657804143147
2128,2.2349115624414377
2130,-0.5170372089789456
2131,1.3330373257974077
2132,0.4429387958122642
2133,1.876693310287558
2135,1.9680454335255844
2136,1.6911032046272507
2137,1.7045792837035136
2139,1.6090213530541344
2140,0.6034770742345059
2141,1.2265329510832494
2142,1.0827315308479286
2143,-0.07126435683392418
2145,1.1092311419744643
2147,0.667558968442295
2148,2.0750908930523764
2149,1.891600357202888
2150,2.312133509678905
2151,0.26264249491809877
2152,1.6912049002830656
2153,1.0391549513387508
2154,1.508669113120119
2155,3.3271879349088156
2156,3.734755537718478
2157,2.360182092569894
2159,0.6244546613307659
2160,1.299725375418731
2161,3.0125980072627065
2162,1.0491858399591711
2163,1.4513238269874909
2164,2.175185576335844
2165,1.0140623595483262
2166,2.399653114834053
2167,3.4753874837604637
2168,1.714771029131363
2171,2.2376480656871998
2172,0.6432630189679888
2179,3.3619566536882823
2181,2.0687062607683755
2182,0.43946758550960807
2183,2.1052047448154143
2184,2.5917214335119496
2185,2.444207289092408
2186,1.74287094386631
2187,2.290309261953979
2191,1.01104047757422
2192,1.7207012438374107
2193,1.9771781569150662
2194,2.1314831727955554
2195,3.2453751808477858
2197,0.4585141391197429
2199,0.921751311951337
2201,0.9150603091749105
2203,1.5227485326069123
2207,1.3044949922197642
2209,1.63990796024982
2211,0.8622386133931113
2213,1.0162026812134748
2217,1.2148085615737068
2219,0.8807595940382092
2221,1.4166483550047175
2223,1.3350830604972093
2225,2.352473735631131
2227,3.1134511551791775
2229,2.27593500091002
2231,1.7202955686407444
2239,1.4216741039469283
2241,0.2983329950190172
2243,0.9253315638155412
2245,1.0085550665195855
2247,1.7490103421323289
2249,2.3865211986584987
2253,1.6929674607026564
2255,1.6804859976727908
2259,1.1516359325019776
2263,0.9738027022404259
2269,0.9128858903796695
2273,0.5211198423008182
2277,1.5679096266848251
2279,2.2654039029586976
2281,2.2895426507084586
2285,0.15906735955801277
2287,2.05617051835614
2289,1.1764524014914473
2297,2.681374226366694
2301,2.8691873292768797
2303,2.888451470305614
2305,2.158921726113882
2311,0.749695954839465
2315,3.109242540721314
2317,3.8327839735200557
2323,0.7579431564357009
2325,1.9263442987480939
2327,-0.019192004119402917
2329,1.9862100036390786
2333,1.8069510575880496
