2815
1228
1600
1281
1899
4292
4287
4316
2052
1984
4854
1763
2962
1859
2984
3127
3112
3014
1456
1389
3587
4711
2170
4052
4203
4333
1875
2960
4432
4554
87
1933
4905
1069
1211
1051
2481
2464
218
352
2625
2056
1168
1810
307
3038
276
1119
4057
2771
3317
724
4858
3320
1357
1986
2581
1476
3894
4292
4532
3381
4600
4947
712
3377
4658
4059
767
2349
1829
3427
498
4788
2509
601
861
237
3365
3283
1487
4277
394
2119
1908
3889
291
3723
3733
4130
485
2715
109
344
214
1498
2393
3364
3704
4304
2726
1643
2282
326
1203
1031
3613
4714
2879
1838
1958
2629
1399
2785
4919
2323
3459
1463
4499
1650
3206
137
4693
3013
1540
1819
1313
1853
4591
4243
1995
1247
877
4206
1437
1452
1588
3222
2175
3150
1094
2538
1211
4572
680
282
4151
4523
3989
638
1459
4986
3510
492
4231
857
4455
901
2781
1182
680
3506
2450
1590
877
1423
2082
2009
4380
399
1975
2828
511
128
4967
2792
3059
61
375
3712
2710
4844
2258
4342
1032
5012
3676
1073
3001
216
3941
1424
1819
1974
986
1363
1007
3032
92
3374
4523
4044
4599
1045
2614
533
4608
3671
3020
403
3553
2099
2365
2947
5022
1887
3401
3393
2971
580
1820
3990
1736
4535
1779
4161
2082
4421
1061
1134
5020
3958
2637
4927
4320
2802
4391
4501
953
2956
1486
2489
2775
490
904
4173
1938
4432
777
2064
3964
