2169
3653
3094
59
2796
3242
4399
2864
5016
788
1356
1519
3460
3812
4123
4150
3722
127
3708
4990
4816
3871
2577
3140
3084
1961
955
2944
553
760
4749
2424
3929
1102
4663
3737
4622
2257
2601
1540
1469
1389
4184
3172
4738
4942
1279
1815
3494
428
3813
3436
1036
4669
4713
3569
4762
4092
2481
4873
3793
3257
1674
3731
1965
2540
3579
2371
1952
1134
1876
2316
4967
3534
3899
3911
2962
1370
1743
2361
3267
4481
1278
1301
1881
1207
4474
402
3889
2090
919
118
4934
1394
511
4831
2365
1966
643
2156
2475
3688
4582
1976
1945
1737
1332
262
546
1099
3291
2589
1580
2167
4572
2723
1388
143
2897
1664
4399
4353
1876
2991
3319
2284
69
1058
4016
524
2727
1115
4122
2709
3356
837
4728
2742
1321
3246
4488
773
2963
2727
918
1142
4047
3993
3841
1507
2808
1339
3615
3058
1137
1963
3999
152
1149
2714
4343
1869
4812
4129
3836
3121
4591
103
3753
138
4155
3803
2129
3955
1494
2505
1395
4362
2940
989
2148
513
1719
1501
338
4942
3570
1940
3107
3732
1268
3242
4157
3617
4107
403
4704
5004
2825
4416
982
233
3646
3598
1131
3261
3286
3771
4339
3647
739
3961
1562
3028
3751
4456
167
1306
4412
3827
1262
4431
4008
2713
2108
1814
2497
1195
1756
925
3872
4264
900
4369
423
4577
3553
4461
948
1203
1316
5011
872
4639
4246
2796
894
2838
4911
4846
108
