ID,y
1001,1.4622267620864104
1002,-0.46638086775785403
1003,1.754823354493125
1004,1.354900299544246
1006,-0.5097607867099179
1007,2.1281437384170605
1011,0.19156593899469665
1012,-0.4624732666391425
1013,1.2662604936917023
1015,1.3013148956701093
1018,-0.6649257265863666
1019,-0.0989153397498773
1020,-0.7522520828789944
1021,-0.5810203803982048
1022,0.43543980931009374
1023,-0.18331919391821988
1024,1.8608478279637075
1025,-0.43790111219881034
1026,-0.3374652846632141
1027,0.9026209620948036
1028,2.4670453801613474
1029,1.685707776096521
1030,1.725529974098296
1032,0.30906046947359067
1033,-0.15733613740783636
1034,-0.16788005974890596
1035,1.225849990419875
1036,0.5569568688980187
1037,3.031290197192183
1038,0.5942946493851724
1039,1.0734029555307771
1040,0.6023055934995987
1041,1.0897279648834353
1042,-0.27598207549888343
1043,1.2526994620221843
1044,-1.0572736079580372
1045,0.23464131182150538
1046,2.921543322182816
1047,-1.139218936425371
1048,1.1604438461167208
1049,1.1599932701937175
1050,-1.001727992941632
1051,0.19433622855309485
1052,0.4746120875755395
1053,1.3163494557287587
1054,-0.7207426451958301
1055,-0.5837408398187621
1056,1.7277305505298883
1057,0.9467393281618471
1058,1.198926606115879
1059,-0.561028775711625
1060,1.8136484436342024
1061,0.6255531019255134
1062,0.12395489055132505
1063,-1.0460676203385528
1064,0.3012238103550752
1066,2.044891161182586
1067,-0.9578871856728521
1068,-0.2350551271681247
1069,2.0565895546614543
1071,2.329304815780586
1072,0.2676949174746421
1073,-0.128878785586567
1074,1.1720587986190218
1075,0.04929477336333088
1076,-1.4783451130743912
1077,1.8304220107453806
1078,0.7282839642267858
1079,-0.27541498577671775
1080,2.0742158908760464
1082,1.1597515630197204
1083,-0.4763768558062276
1084,0.8102990314705663
1085,-0.20182930422733836
1086,1.6831004004125738
1087,1.9331908331725596
1088,0.9033487763814458
1089,-0.20550420020108595
1090,1.6732349912130722
1091,1.2779024388271296
1092,1.2759730760022483
1093,-0.3439777491315831
1094,-0.6230009968341441
1095,0.6098761927166667
1096,0.9709985052037984
1097,-0.6907564046190408
1098,0.9452169872769569
1099,1.1213556745924476
1100,-0.1233519877880409
1101,1.859980163083463
1103,2.1345560016701075
1104,1.7559017741834366
1105,1.368739674993034
1107,1.1603337960931994
1108,-1.2072685444371034
1109,1.0645346055483937
1110,0.12343233902008022
1111,1.374648278227931
1112,-0.8669396860867875
1113,1.113583651343323
1114,0.3463849704020281
1115,0.6464891738727903
1116,0.2883331334358292
1117,1.6042350412112882
1118,-0.38245161505810377
1119,-0.06072660064048074
1120,1.0061869402137984
1121,0.36435054198451344
1122,0.5506238137686149
1123,0.7639112207168173
1124,1.6163434850845584
1125,1.724560829467489
1126,0.5255680082801708
1128,1.594624301364242
1130,0.7722794864880966
1131,2.208079918579469
1133,1.4048309003996162
1134,-0.8794307450788432
1135,0.5921213485905307
1136,-0.06090150739835942
1137,0.07002512080600909
1138,0.3663257608996565
1139,-0.4863715417420425
1140,1.6397391575779352
1141,-0.4609373197453406
1142,0.669710365431134
1143,-0.7665543102861663
1144,0.40790126377921965
1145,2.0605338219433715
1146,-0.08156308609370166
1147,-0.5753231625813755
1148,0.8529351921069327
1149,0.46339985479639584
1150,2.5355969052231346
1151,0.5067802573844933
1152,0.30191842536681324
1153,0.6052884381258569
1154,2.3614110728765043
1155,0.5875615021540074
1156,0.4446356855343191
1157,0.050024420709860795
1158,0.8712963913086446
1159,-0.5012350859660648
1160,0.42517770131558935
1161,-0.6614509963313329
1162,2.252730670160563
1163,0.3513108545599306
1164,0.5715969379709132
1166,1.881341442879225
1167,-0.15497576292461934
1168,0.8907441143705643
1169,2.16673582204345
1170,0.7747239036031105
1173,-0.16300645456840757
1175,0.7282578469083472
1176,-0.9731144200340437
1177,-1.9180014655420747
1179,-0.15167987645839864
1181,0.6544031159855739
1182,0.3047789683526577
1184,1.3028887686611763
1185,1.3045782192457998
1186,-1.4976883899696896
1188,0.7610547992175808
1189,-0.2611414879151521
1190,1.8175773895286715
1191,-0.5317612566667045
1192,-1.0008668963252716
1193,1.2500959516235666
1194,-0.308556854441482
1195,0.7022852980940743
1196,0.24225333933358884
1197,0.13232744543967612
1199,3.1418672788950115
1201,0.22135170431160445
1202,0.3572926654843297
1203,-1.0227978406985054
1205,0.4329290047469038
1206,1.1986310799649256
1207,-0.19747174647687332
1208,0.9355935444719676
1209,0.9569863213771264
1210,0.4380314860564034
1211,1.3947535388662795
1212,-0.13301966723406666
1214,1.2719853255281734
1216,0.29830327032165194
1218,-1.8573401607109195
1220,0.7791188394183005
1221,-1.2861560412910902
1222,0.20518638150653112
1223,0.31191159738524266
1224,0.83706535136858
1225,0.8272995554901141
1226,-0.4991128893798865
1227,-0.5353729808918553
1228,0.2052913789189149
1229,0.12772934839827643
1232,-1.2041033486722235
1233,0.6652304959730718
1234,-0.34417361233984456
1235,1.4095965569770013
1236,0.691303577130807
1237,-0.3324344023454051
1239,-0.27539444905013194
1240,0.07519901150299424
1241,0.846150207197088
1242,0.5945559616423526
1244,1.6045951372168725
1245,0.5592487361959223
1246,-0.02549393890439637
1247,0.3256435757135715
1248,-0.331995217396579
1252,1.0486473447211504
1253,-0.573464083421127
1255,-0.6335835713711306
1257,0.37049642445537606
1258,0.9766013772961633
1259,0.1884215536249566
1260,-1.0489649918767057
1261,-0.3298522093744768
1262,1.045361523354848
1264,0.6290918624886707
1265,0.6019495489183198
1266,1.0713497307162716
1267,0.13982394233700066
1270,-0.04153491554719435
1271,0.5429868444517086
1272,2.0550911235233587
1274,-0.6609468398082335
1275,1.124987967211933
1276,1.9444629529747175
1277,1.0402960850550778
1278,0.4652377002524976
1279,-0.2787640947231858
1280,0.5586150360019781
1281,-0.2795736720130143
1282,1.0333953620711163
1283,0.12810384877265318
1284,0.40065205384968966
1285,0.915748974793495
1286,1.6837842488845731
1287,0.9265127506239299
1288,0.5014198058837286
1290,0.594238592148803
1291,0.5512347221354265
1292,-0.05442433878673836
1293,-0.14421405488309502
1294,0.10350521258315187
1295,-0.4299276812484643
1296,-0.05299727026519113
1297,-0.4820473333019036
1299,-0.03467843909461277
1300,1.784704379674798
1301,-0.7520465671834662
1302,1.0106931292313033
1303,1.167260104828908
1304,0.3191547249098479
1306,-1.001933466538147
1307,-0.5465449434605743
1308,1.6790065107073953
1309,-0.29750698943485
1310,0.9736666102603841
1311,0.2467153250126754
1312,1.3728483973516024
1313,1.5220689319117469
1314,1.0257760405682763
1315,0.5039722799864796
1316,0.2728248215551604
1317,1.415425380875144
1319,0.02142037812633335
1320,0.3557145991189242
1321,0.8608488737907823
1322,0.8577051895073725
1324,-0.4045885705474233
1325,0.9716520537344929
1326,2.4432715600925867
1327,1.6972521700609324
1328,0.459271965830571
1329,1.2127274808622532
1331,1.1305870771710431
1334,1.0758662031435782
1335,0.8101128944018661
1337,-0.1320041834305964
1338,1.5613425508339946
1339,0.5521012221611589
1342,1.2928844608327152
1343,-1.7354199564126864
1344,1.2829290080196887
1345,0.8678240987088339
1346,0.05486603933231027
1347,1.087157009834389
1350,0.5952302806159847
1354,1.1675556628673847
1356,-0.21438509868166233
1359,-0.47417539507617346
1360,-0.32763601408387183
1362,-1.0337598502123448
1363,-0.630011076173316
1364,-0.6210760221798991
1365,0.4740981793524186
1366,0.4839741392985599
1367,2.08616172401357
1368,0.23468943352699823
1369,-0.4170251805952849
1372,1.2218308539490013
1373,1.0157931758741496
1374,0.23259466247060281
1377,1.3224868418987745
1380,0.17392276117711347
1381,-1.637438368903206
1382,0.7203957600191484
1383,1.2163191820614632
1384,0.47173572932705
1385,0.9806692051671609
1386,0.40165988980928247
1388,0.36582269246236476
1390,2.3578034388914713
1391,-0.3347960674262529
1392,1.8087968094168683
1400,1.7065875672442605
1401,-1.383770648519907
1402,-0.6910068604264862
1404,0.1733179864814589
1405,0.48421155063275195
1406,-2.2069274512567945
1407,0.782326793845547
1409,0.7105981487261885
1411,0.25259827070066226
1414,0.18260191055105568
1417,-1.2091754781935689
1420,0.2721222860079232
1422,-0.25095308018075024
1423,0.4497525147107909
1424,0.18940574498795476
1425,1.8431459533853556
1426,-0.71590395180212
1427,0.8182286693525733
1428,2.371472260776085
1429,0.15906779454058798
1431,1.5143896979661737
1434,0.027395134365209822
1435,0.31065232502254414
1436,0.002787641534516494
1437,1.5672890922687777
1438,-0.12632789004878547
1439,0.8256426734952436
1441,2.4658783765043975
1442,-0.025753668248469155
1443,0.7622821876528392
1444,0.6883459053661276
1445,0.7821473944475886
1446,0.7370383587626748
1448,1.121269232855281
1449,2.3734143649572026
1450,0.10583781073905019
1451,3.3784043351199786
1452,-1.4130134984352152
1453,0.8601770059685729
1454,-0.7296884433453361
1455,1.159521523311067
1456,1.68769082039024
1457,1.958707133900642
1458,-0.9193496749500352
1459,-0.16940186484516226
1460,0.2091375081899733
1462,-0.10132809049082336
1465,-1.2290297452881045
1466,-1.0184591671207417
1467,-1.0989942622831799
1468,-0.11713593985927212
1469,0.9836729195019768
1471,-0.13107060159219647
1473,1.1395206688798807
1474,0.8386361040587665
1475,1.7545981590500448
1476,0.17783505018259982
1477,0.18258170626422537
1478,-0.7687754407269385
1479,0.49686266518644856
1480,0.27981635181298936
1481,0.49339112778823674
1482,0.21280532599652188
1483,1.6263727292339603
1484,0.5039429358494949
1485,1.1184034349484757
1486,1.2905823579928488
1489,-1.1194798541874804
1491,0.2318982015061254
1494,1.121788175220162
1495,-0.3576226187334679
1496,-0.5177194740726807
1497,-0.2788679279460171
1498,-0.7030173328308601
1499,-0.9235646819610905
1501,-0.3020473066971492
1502,1.5334398723044846
1503,0.049380832812124575
1504,1.1617855315703565
1505,1.0052307651760253
1506,0.8539126653115012
1507,-1.993035072159409
1509,-1.8649772817877728
1510,1.1110693825212732
1511,1.2865249231933
1512,1.2127769090754366
1513,0.01821787905993988
1517,1.6444249931292905
1518,1.676965765063874
1519,-1.754208885956388
1520,1.2499430818852217
1521,0.425059909148651
1522,1.7677109621880205
1523,1.63613986060649
1524,-0.34608659120894125
1525,0.9644128245139554
1527,2.016139562697831
1528,0.7741864110401424
1529,0.9966508613682865
1531,0.16442759617491443
1532,0.7078167805299203
1533,2.3482268286222414
1534,0.8920948646543584
1536,-0.4419044967219138
1537,0.6887530149250068
1538,1.6983428566054493
1542,-0.10673776960269604
1543,1.0238239309523924
1544,0.5779025245422407
1546,-1.4747871669894492
1547,0.4880012268725521
1549,-0.24921397476315554
1552,1.4179306235633773
1554,-0.7723955361313712
1558,2.2183663305184145
1561,0.8933683657998814
1563,-0.5859187329259341
1564,0.29405663563249196
1565,1.906092191933362
1566,0.5214514864293491
1567,0.5332039619632499
1568,1.088061298421396
1570,-0.18791190632382151
1574,-0.268222342455926
1578,0.2225065806436439
1579,0.09414289910563742
1580,0.5510464433584278
1581,0.8726741764162096
1582,1.6642363349358744
1588,-0.04827766741419759
1589,0.5982653814774153
1590,0.8806965344108197
1591,-0.08910685742631058
1592,0.90305786618461
1593,-0.025569199018512734
1594,-0.45569470379347315
1596,0.21815541391991333
1597,-0.29343351857110217
1599,0.7144398535242917
1604,0.481603690943866
1606,1.1440586841551763
1607,1.5643061920809758
1608,1.5427062235303075
1610,1.069965067042426
1613,1.1910857433967434
1614,-0.25433699743240523
1615,0.36179243215069673
1618,-0.2729160736450983
1619,-0.3022109055693629
1620,-0.7557230855174379
1623,-0.032817283719766444
1625,0.44404712633309174
1626,0.6910526039785228
1627,0.14985570248433078
1628,0.5804969916245388
1630,-1.3273839547388298
1633,2.7233401423259087
1634,0.7585874764028686
1635,-0.634568879321635
1636,0.46331246412499305
1638,0.7598267258621837
1639,0.3871686868161228
1640,0.10764818079183902
1641,0.4593432447886123
1642,0.05324613695587621
1643,-0.7451888082308996
1644,0.05606864640255016
1645,-0.6721194198750433
1646,-1.0311847758740373
1647,0.21536540320901146
1649,-1.3354794777133512
1650,0.9326109166330696
1651,0.45920739255045695
1652,0.8625021111312063
1654,1.8015948466718794
1655,0.15495413790556015
1656,-0.261751437494814
1657,-1.2991946993549959
1658,0.24274736020877874
1659,1.4607345355437757
1660,0.8596904131597128
1661,0.08885811947362343
1662,0.9630238637822255
1663,1.3350270086400293
1664,0.26750219170542733
1665,0.11425004266333083
1669,1.0902989732825268
1670,-1.3032849552097407
1671,1.5846579942555676
1673,0.6489637151676947
1674,0.33635675688683
1675,0.06883920332040117
1676,1.4782626041339135
1677,-1.0770909641460913
1680,0.2727232881607128
1681,2.330766113317115
1682,-0.026673994261765754
1683,-0.06199304946903482
1684,0.4926758714718987
1685,0.8788124463539779
1686,2.0478344268769124
1687,0.9633901716127606
1690,-0.7688680116752689
1692,-1.02944802301096
1693,-0.2051851156909556
1694,0.9872131748683202
1695,-1.3184471626404122
1697,-0.024706330693892775
1698,-0.07009396035886284
1701,0.06480438286320621
1702,-1.485488099303913
1703,-0.042085060247242345
1704,0.2287650664016685
1705,0.1769915643085339
1707,0.529056361671495
1708,2.079672124005337
1709,-1.5858491151703327
1710,-0.592223177345127
1711,0.1969560460081924
1712,1.5164853272496241
1713,-0.09814651356685666
1715,1.1524158211481772
1717,-0.025567782953056922
1719,0.19918259218033962
1720,2.2367158853438935
1721,1.053087722671003
1722,1.817058387524338
1724,2.199475295036608
1725,1.5922449666602214
1727,-0.3993224778553961
1728,0.28465823403814317
1729,0.34368127854013303
1730,0.9208449185894435
1731,0.8607993100232881
1733,1.6632938741422567
1734,0.6015901010934098
1735,3.1681925821329164
1736,-0.06160939525787046
1737,0.5355001307298967
1739,0.28579854042333264
1740,-0.05741225807281669
1742,0.2654672506579938
1745,0.45956997274410805
1746,-0.06576872453364202
1748,0.8618717093506749
1750,0.1659919334413824
1751,1.5748685903918158
1752,0.6852473069570344
1753,0.10070524437529149
1754,0.12069578974995111
1755,0.86469180144994
1758,0.1300829066433757
1759,0.9354651531016276
1760,0.0968371417168477
1761,2.2235241148650156
1762,-0.5579016451266846
1763,-0.40522536886594185
1764,-0.02353623560718604
1765,0.897100557664528
1766,-0.36119387607784537
1767,0.18576525400440466
1769,-1.5820216862937264
1771,-0.23960565727451727
1773,0.7710808211624761
1774,-0.7132459645245423
1775,-0.6164493893564916
1776,2.634170911280847
1777,-1.3231466688746267
1778,3.435412767266101
1779,-0.9400363263339967
1783,2.0734485964486407
1784,1.4396142200096134
1785,1.6752972907140853
1786,2.256802699005826
1787,-0.15685856253132532
1788,-1.0891233042399169
1789,2.007169232335594
1790,1.7403249107136878
1791,-0.534530861096346
1793,0.4409900200935908
1795,0.23789827555049903
1797,0.7661697526000537
1798,1.0261525399972613
1799,1.942421288452401
1800,-0.7904786494766688
1801,0.5516114354660866
1802,1.6529692629660075
1803,0.16431546416385623
1804,0.9689991898252672
1805,1.5130250153598113
1806,-0.054957272382558986
1807,0.748881836841712
1808,0.7577546423987637
1810,0.8085362103804925
1811,-0.14101462260536973
1814,-0.12218629609297804
1815,0.48474704194827845
1818,-0.47073951806317865
1819,-0.2872941009355209
1820,-0.04994214164986348
1821,-1.2279969627204925
1823,-1.164540975040935
1824,1.7866973853147932
1825,-1.0999665877090388
1826,0.24375646064280537
1827,1.1693001994659573
1828,0.08638789419473179
1829,0.7275055236969474
1831,2.1638564182326423
1832,-0.14093594497171308
1833,1.5103713934720124
1836,1.6767812688727568
1837,0.5256960053063245
1838,0.34022251714477936
1839,1.5503743245239878
1843,1.5760174802272573
1844,-1.1515616271367608
1845,0.6059449472304621
1847,-0.47644090286818264
1848,1.912140036219586
1849,1.5452170460139532
1850,-0.484646071690358
1851,1.2567756930253988
1853,-0.18201412454575627
1854,1.2369415378653548
1855,-0.9640259905365565
1856,-0.06566544359761875
1857,1.050604914695835
1858,1.1645090598096979
1861,0.9966715043476134
1862,2.6628168278599222
1863,1.6069535569185196
1864,1.0771975574570432
1865,0.6642744044492119
1866,1.992321363419665
1868,1.1496968227713729
1870,1.2528587937020286
1871,1.2895610574107834
1872,0.02985761097716788
1874,1.896535887608771
1875,1.191807137773243
1876,0.9860195855433689
1878,1.316651850919061
1879,-0.49569152221777135
1880,-1.0658568789646383
1881,1.4843749445257362
1883,0.5143818596902406
1884,1.3357070655282197
1886,2.132006728215149
1888,1.044198401314253
1889,2.707172269134876
1890,1.4564013156996622
1891,-0.6010429150239295
1893,1.05316358195814
1897,0.1856092871060171
1898,0.12723115734910856
1899,0.41915030981216483
1902,1.1271026373058417
1903,0.6762822326380842
1904,-0.3736130074632169
1907,0.39402197745858847
1908,0.04580064062855227
1910,0.41527021216139226
1912,0.47671027427882245
1914,0.3047749797768499
1915,0.39154190509392983
1916,-0.6283009284789779
1917,-0.35724341092349243
1918,0.16010279609507233
1919,0.09754876987136646
1920,0.29954994618075526
1923,1.9203029436037655
1927,1.8176728621173548
1928,1.35599005294134
1929,0.4095421873648478
1930,1.5367827300724648
1931,-0.09748269104165555
1933,0.35212665866416637
1934,0.5609653504408657
1935,0.13932408970176846
1936,0.06728321931767106
1937,0.650555136145759
1941,1.6296451152660092
1942,1.2015203343561316
1945,1.2819658779303866
1946,-2.087126542329615
1949,2.296653555271913
1952,1.9902968364247093
1953,1.5993602798439657
1957,0.3589162734277109
1958,1.0304986500321502
1959,0.025133161314311342
1960,0.2737686107127672
1961,0.43651038774268186
1963,0.155806457653469
1964,1.3393851150188456
1965,0.9942288034753195
1968,0.18297707686847742
1971,-0.9403304160187798
1972,0.024794946713560556
1973,0.05781351951370046
1974,-0.9340809395019155
1976,-0.6802389162823401
1977,1.5443948397691833
1978,0.46676585843806506
1979,-0.16743676687874975
1980,1.3645569992178557
1981,0.9252297981891483
1982,0.7014368910814768
1984,1.8257858882193319
1988,2.0017480961655156
1989,0.6776649707515221
1990,1.0890196065196014
1992,-0.6017607569267254
1993,0.4719553855536129
1995,0.7063179024775463
1996,-0.9267069286974713
1999,-0.2614413423258102
2000,-0.199122291413652
2001,1.0866760857179258
2003,-0.22554695538669048
2004,0.4435046724176247
2005,-1.2572204755278507
2007,-0.5085475400746616
2009,-2.3804111060770197
2010,1.9018088860964353
2011,1.1177323036752551
2013,-0.06936505568452256
2014,1.1030877927748977
2015,1.1247849548050233
2016,0.033283225675847516
2017,1.2003101295460163
2018,-0.012240660309588813
2019,2.1825095878006135
2020,0.6558849912879486
2022,-0.26601972081367686
2023,0.8356835550643651
2024,0.8370345625810658
2025,-1.263227628834827
2026,-0.296060100439609
2027,1.3238813527725173
2029,0.6460652707981005
2030,-1.6305177517945246
2031,2.031900903091744
2032,0.7146455504504091
2033,0.7417199526323106
2036,0.9876600650869342
2037,-0.5492255152923267
2038,1.5840385484651396
2039,-2.322223157038896
2040,0.2534985300408099
2041,-1.232692569709619
2044,-0.33948750604724975
2046,1.4722071977229305
2048,0.524655537205359
2050,0.5177394082847655
2053,0.3146876899808808
2055,0.16889906621848627
2056,0.07849183228488144
2057,1.1027715416368755
2058,0.8244743413667828
2060,1.9339815027014104
2061,-1.0212538509328781
2064,1.3883392726345738
2065,1.7383376513816926
2066,-0.4685008944553868
2067,0.035139066865220836
2069,-0.8890260237635919
2071,-0.08196165101113162
2072,1.021742498546203
2073,0.21802208916698035
2074,0.6722194877771567
2076,0.33812588444445957
2077,-0.3408953806329674
2078,0.18215241333036986
2079,0.940283682505332
2080,0.668989267467211
2081,-0.6369786673309823
2083,-1.0413440238423877
2085,2.1413198478918427
2086,-0.06789286600593103
2087,-0.022995326444195607
2088,2.1304952742605625
2090,1.7783541393283808
2091,-0.053279937956687506
2092,0.4911018774198501
2094,0.35203174584592206
2095,-0.03695384881540276
2099,-1.1658240649903566
2101,0.33722757816954246
2102,-1.0193579969012243
2103,0.461470945478264
2105,0.2329752885998797
2106,-1.3638279094046064
2107,1.3676199192385514
2108,1.2511935925092674
2109,-0.5235566353357253
2110,1.770424768659638
2112,0.1307535459052277
2113,1.818523854352064
2114,-1.6370047791016864
2115,2.610132006198282
2116,-0.7084607937120978
2117,1.447290915701884
2120,0.4084763545279805
2121,1.515987041968704
2122,0.40779422456935277
2123,-0.5879633545847754
2124,-0.16449341470978138
2125,0.7377296989403563
2126,1.4396659930637625
2127,-0.0011566557103736275
2128,-1.9403171235026329
2130,0.1293669847811452
2131,-0.539360278051701
2132,-1.2499256675354489
2133,-0.5571626470165733
2135,-0.690845653173649
2136,-0.5020962126791808
2137,-0.6094615770686973
2139,-0.24493299704096733
2140,0.2349501558866868
2141,1.5365082695718923
2142,0.702903572009717
2143,-0.31717257128100995
2145,0.9865799988001769
2147,0.19416151336698878
2148,1.709737496172915
2149,0.12487877928969493
2150,1.349131531332053
2151,0.4252086421135994
2152,1.3244054643244674
2153,0.02786945820590586
2154,-0.020845113720850628
2155,-0.6912032257062785
2156,-0.30487931603109775
2157,1.1808134124505882
2159,0.01821421249119748
2160,-0.8484456985278283
2161,0.4519176152631072
2162,-0.1631290249809877
2163,0.8338990460602349
2164,0.2360992256923044
2165,1.5373676077266447
2166,1.023182429535724
2167,-0.6646306012663336
2168,0.9576240079385714
2171,0.044105985202509634
2172,1.4795671226601583
2179,0.587044732384294
2181,0.6273234461822208
2182,0.8827068678830918
2183,0.00825881213751456
2184,2.439506521049592
2185,0.8333645468865549
2186,0.45431497598723986
2187,0.6891684931675232
2191,0.5956348382737754
2192,0.5809794554278298
2193,1.163471282951842
2194,-0.18907091746623897
2195,0.7114341514884218
2197,-0.266797835381063
2199,0.46996796699219845
2201,0.7528355515730569
2203,0.04356409309939091
2207,1.8348330402650124
2209,-1.0340927275561396
2211,2.774992115117061
2213,0.3696036659906438
2217,0.22769702703116315
2219,0.9811701178351022
2221,0.8900376936875718
2223,0.515226636916152
2225,0.1837823774429989
2227,1.3162286082941468
2229,0.584316964439502
2231,1.0951282248021703
2239,1.5447869846293885
2241,-0.8531149889458458
2243,-0.6989328962189009
2245,1.7867094244550754
2247,0.5401028259058454
2249,-0.3449094086124837
2253,-1.4504460922028883
2255,-0.9495324551240588
2259,-0.6943578186014963
2263,1.4801693666178894
2269,-0.38900215202670707
2273,-0.7002721488552516
2277,0.6867690040148483
2279,0.45939783465646994
2281,0.23781075997508916
2285,2.439028521439299
2287,1.0884357594967613
2289,0.6605164513174167
2297,-0.3735313853709506
2301,1.6295861284651687
2303,0.37302895071329345
2305,-1.2376488177992968
2311,0.4494417245184041
2315,-0.18319559029237975
2317,2.2357952134275347
2323,1.5759622009948826
2325,0.9184286959317667
2327,-0.6386927702761062
2329,0.594523205431691
2333,0.09716831551178828
