3760
3901
1762
3364
4834
2520
2989
4710
2443
1518
2560
1565
3271
1475
861
1308
4082
1340
1340
3055
3836
276
2472
3358
1973
1791
2798
771
2170
2661
281
270
660
1499
784
271
2428
2625
2955
4556
1371
2783
4134
700
2942
4084
3085
1752
3133
2036
3913
3660
2798
2072
3833
1314
4718
3814
1753
3459
1305
1211
4810
1461
1756
484
1919
4216
4326
2396
2648
1852
3670
3154
2122
4795
2756
138
2538
2571
3376
4074
1406
4267
2995
3092
1196
2088
1375
4809
4607
8
2386
3655
4752
2589
4505
3585
3085
4198
2897
876
931
4976
2676
287
2524
918
1012
4738
2457
2323
3242
259
2251
2608
2001
2510
51
2421
723
3712
637
1903
2340
4791
303
3853
570
2225
5008
37
2897
688
2315
2903
4740
3543
84
3893
4242
3115
3948
1553
306
2973
896
1817
4845
51
4963
2905
2844
2223
647
3545
4624
350
527
2782
1056
4153
2503
4737
4377
2837
952
2720
2196
2472
1430
4456
2875
2255
4182
4242
1949
1270
4867
3312
4881
5008
2093
688
907
3998
4945
416
2285
301
927
3453
5000
4054
364
2850
2030
4162
3863
1824
856
2780
2660
69
3123
4368
1497
2752
1875
1699
1688
4217
3186
3975
4510
1284
4326
4878
4604
3198
3758
390
195
3128
1025
2015
4008
4888
3611
4298
2041
4327
1319
3840
2364
233
277
3840
4163
4339
1470
2819
1302
3281
4301
4451
4475
618
3821
899
1252
