ID,y
1001,0.5041949988126461
1002,1.5840743809525923
1003,1.5214865533002855
1004,1.3895323195648626
1006,1.1602230412624255
1007,3.0590999706993447
1011,2.6079771881592713
1012,0.24939238916313577
1013,0.914342976396723
1015,0.5303347997665957
1018,1.5401652151591103
1019,-0.886518513156197
1020,1.5392515388463717
1021,1.5345366773733384
1022,1.020276298291741
1023,1.4800796376592271
1024,1.9009819233112275
1025,2.4666797625119368
1026,1.0249973038624813
1027,1.9886984416080735
1028,0.7309835020256921
1029,1.5008432943046763
1030,-0.04526873502527251
1032,1.8556541335391232
1033,-0.2528089203049426
1034,0.5200259182506206
1035,1.557907870481504
1036,0.8233367732704302
1037,2.164145275424472
1038,1.0709451680713302
1039,0.5104409305337214
1040,0.5252928644653143
1041,1.3761302266347433
1042,0.5124137200416627
1043,1.049420621015536
1044,-0.6938782173491886
1045,1.2267311108172438
1046,1.5818734703042416
1047,1.054995107829902
1048,0.5842179862960805
1049,1.2606042376131463
1050,0.3865908487815159
1051,1.8241799525398013
1052,2.5236373399518888
1053,0.6191287726887315
1054,1.2934607143464034
1055,0.9943283591111305
1056,-0.32466220953988056
1057,2.24540150180329
1058,3.7788062202618886
1059,1.96968435874106
1060,2.5322702923973646
1061,1.5396452668614653
1062,2.2340506884544817
1063,0.5158816806452704
1064,1.3879173313720525
1066,1.3567605510034044
1067,0.505905223863606
1068,1.5584824363756111
1069,1.4720057513821785
1071,0.957280948975278
1072,2.1243675420278567
1073,1.6347760423845479
1074,2.949818930761971
1075,2.256622795489495
1076,3.913691612181617
1077,1.2052293815777213
1078,3.230615791806577
1079,1.4925725588912768
1080,2.229191081378129
1082,1.208597081281731
1083,1.7905847713901908
1084,-0.19636046411373287
1085,1.8544402250040095
1086,1.0040619305234015
1087,2.1381490891359984
1088,2.093687672447156
1089,0.5565642798307295
1090,2.390837510678134
1091,2.282742040665546
1092,0.5620984617680249
1093,1.0063626142748059
1094,1.8135580493567234
1095,2.4003460199717086
1096,1.3302191973800819
1097,2.9900857815382307
1098,2.030096324019347
1099,2.2160781491357247
1100,1.39444483465383
1101,1.886257972486936
1103,2.0186723027538997
1104,0.7435398763821567
1105,1.732033270671348
1107,2.0069569526842748
1108,1.1022315004447716
1109,1.3466422872146908
1110,2.5287640246556244
1111,1.2385432006621895
1112,1.5804867206261926
1113,2.036554592688531
1114,0.031277467409434934
1115,0.8206509117075037
1116,2.436023543514911
1117,1.8767989035027728
1118,2.1505218522817358
1119,0.7760387922303909
1120,1.1913475517169785
1121,0.526016866997861
1122,-0.020438523655845864
1123,1.3948844254865194
1124,0.9182752990206978
1125,2.1343252244678528
1126,0.2373950427587136
1128,-0.23982530436757327
1130,0.5161162898297876
1131,0.3823440475595411
1133,1.079719784511884
1134,1.2916325745841193
1135,-0.6508115203358666
1136,1.5011598920583538
1137,0.7656411426887587
1138,1.0604312531158495
1139,0.5866982558484519
1140,3.8227225037825536
1141,0.08868223483346493
1142,0.5298407280901674
1143,0.32278026967335216
1144,1.4491542150978884
1145,1.5674449926120841
1146,0.8672084265950379
1147,0.6113205379281147
1148,1.6730033763783192
1149,1.884466435048574
1150,0.959815862302273
1151,0.48130093368234733
1152,-0.18075478465304046
1153,-0.9354730832731679
1154,0.7711879797121595
1155,-0.35415254359435416
1156,1.4024874021344969
1157,0.8254446361249761
1158,0.7226195291722836
1159,1.321412607551957
1160,1.0253387557302944
1161,1.4918866737513885
1162,0.179412798934387
1163,1.2811890280695843
1164,0.9509884971590545
1166,1.3028710674029793
1167,1.6715403320394508
1168,1.568927624449573
1169,1.577409910691519
1170,1.0027197351854125
1173,2.2413241007357683
1175,2.337678466311412
1176,1.0777589210891407
1177,2.3652594552191157
1179,1.132240966040682
1181,0.7385460043034779
1182,0.681234057020692
1184,1.8310821204065866
1185,0.22353035863382575
1186,0.7257945230325473
1188,2.47130374977473
1189,0.9880727473664808
1190,2.271805871394947
1191,0.9549130030136158
1192,1.5718192008258178
1193,0.28196169333904453
1194,0.7552834269052433
1195,-0.06495914824050597
1196,1.979761611294634
1197,-0.19023644092810688
1199,-0.01156066181369031
1201,1.5774011556568626
1202,0.4803844887045329
1203,0.8131043840116527
1205,1.5161400133164225
1206,-0.31104035184322243
1207,2.123476582308374
1208,-0.6432224024762953
1209,0.9288601736612161
1210,-0.17218412812751982
1211,0.9209486585172603
1212,-0.45103762787449186
1214,0.2658481374067963
1216,1.2540153946347126
1218,1.3389379181502263
1220,1.7046955062619136
1221,-0.20792866758854534
1222,3.6740303862725234
1223,1.9292107885853704
1224,1.5207641798944804
1225,1.6170163614613742
1226,2.5985402541007505
1227,0.18266009534688266
1228,1.6755752043776142
1229,2.3582339044427885
1232,1.4245485804201643
1233,1.7691296554598503
1234,0.0006192023583759254
1235,0.20113071063525545
1236,-1.1097363864657923
1237,0.7028119977143794
1239,1.5112666252517282
1240,0.7750784824355614
1241,0.43103262959685773
1242,-0.49438460984004895
1244,1.0134872513433186
1245,1.9929476266759543
1246,1.0075520361373858
1247,-0.21578348074586318
1248,1.2833954605622813
1252,1.4998768214132423
1253,2.819423139358663
1255,1.8592310748384167
1257,0.5051617687162628
1258,-1.2458282735626363
1259,3.0318557795239007
1260,0.8064501647857965
1261,0.4369364985514981
1262,2.061937356913892
1264,1.0514565107884988
1265,0.1686394447431505
1266,1.104164376098498
1267,1.570102015478397
1270,1.8252243796848888
1271,0.8632008345709632
1272,2.668226164582732
1274,1.3674172731660041
1275,0.7344332875729056
1276,1.7657025888353612
1277,-0.5482320017986495
1278,0.7871337349383591
1279,-2.335914639042856
1280,-0.08035575561905728
1281,0.15332111282599525
1282,0.916489570509755
1283,0.4899505173763375
1284,1.5374126516677373
1285,-0.34412277100894995
1286,2.2162150734262536
1287,1.8877033430392784
1288,2.047966325255417
1290,1.3538737682425257
1291,-0.5246586871924186
1292,4.041120881320972
1293,1.3151904462113888
1294,0.3446786348749108
1295,0.6980587702578427
1296,1.5989111999228554
1297,0.04647199857346851
1299,0.982187619974273
1300,-0.2842814057146738
1301,2.5122541667569287
1302,1.6387419096083748
1303,1.4653468834426109
1304,1.0610910984263455
1306,-0.6549414684459819
1307,0.15661067392407302
1308,1.7934353483822043
1309,0.6270669867141396
1310,2.2330273966493572
1311,-0.144790858269229
1312,2.122820768783258
1313,0.8511685637239994
1314,1.6419615336853712
1315,0.2122074427374766
1316,-0.4443507538188489
1317,2.32707952898976
1319,0.2955588250446347
1320,0.9252014872631027
1321,1.4093632596138732
1322,1.8549584481284573
1324,0.9174074320096599
1325,-0.03061721892393343
1326,-0.07690652280831634
1327,0.9108867233943931
1328,1.7980395983820612
1329,1.6321742768308956
1331,1.1118294316355501
1334,0.10235549603487815
1335,0.27325592420270817
1337,1.8853855996863453
1338,1.969542463396406
1339,0.24195262281226165
1342,2.20115680246637
1343,0.9164384184378324
1344,1.3678850285831798
1345,-0.021581922052922753
1346,0.9267944423339798
1347,0.7801581055422824
1350,3.0408113113967183
1354,1.402619398610095
1356,1.8124072752019877
1359,1.479866819703383
1360,1.5042809966152744
1362,1.4620517721284165
1363,-0.12283176350910541
1364,0.9150531270066797
1365,0.43205011399953225
1366,0.49177798408454054
1367,0.8006713924737874
1368,1.0718439412677645
1369,1.9168947886744834
1372,2.0509899321309133
1373,-0.4043612387126059
1374,2.2308719863628212
1377,0.16352148560815383
1380,1.2678652549201497
1381,0.45918171713038675
1382,1.6127645377701914
1383,0.03341351879670351
1384,0.9180466586803246
1385,2.203157368852665
1386,0.696025509230902
1388,1.0006203576250108
1390,2.0149760938718435
1391,0.3203595382165838
1392,1.0785782341593666
1400,1.1479040343781959
1401,4.2890705373685
1402,2.0747783899716783
1404,3.1551441395139053
1405,0.699273830734079
1406,1.7872323176691163
1407,1.7619459300769602
1409,0.7785276338643556
1411,0.5194206768605945
1414,1.0364571743742101
1417,0.6959626001199611
1420,1.3773758619226313
1422,0.4401688329241903
1423,1.0075707083414698
1424,1.4131527387056824
1425,1.2627315462969366
1426,1.8382147197785923
1427,1.2931531141357449
1428,-0.989496217529733
1429,0.38606898721443683
1431,1.8671843862403226
1434,0.6285282144916686
1435,-0.2531373179251203
1436,2.596662057733708
1437,3.5384075896409533
1438,0.5254043057603822
1439,-0.24883798629018916
1441,0.6136433954975942
1442,0.16490246295668032
1443,1.4325717647969758
1444,0.44128110918524055
1445,0.43141211600164997
1446,0.36456714628961673
1448,0.8658804596278288
1449,1.0739414728859835
1450,1.086648634772268
1451,0.21211416715337217
1452,-1.850942464203521
1453,0.8235270517362273
1454,0.2430936278763296
1455,-0.5808163298703033
1456,0.7320846359196311
1457,0.04216416830955039
1458,-0.09869575546770659
1459,1.2765507008267347
1460,0.5539965866961579
1462,-0.5496882668933488
1465,0.6551587999682675
1466,2.234411769515937
1467,0.5455513018468963
1468,1.6593866369634225
1469,1.5152410561327687
1471,1.1751582638831408
1473,1.067923661794648
1474,1.7445443943337886
1475,2.4028521968476637
1476,2.846309089259103
1477,0.6427492132697212
1478,0.15784474994044306
1479,0.033310386128561575
1480,0.5102521385384078
1481,-0.7901857496877944
1482,1.4584020631926258
1483,1.7089129007498542
1484,1.619961601976957
1485,2.0276193677805994
1486,2.580055796893406
1489,1.248722801980009
1491,2.0428059747275937
1494,-0.401721380459163
1495,0.329224072037678
1496,1.4007176687891565
1497,0.9236941365662253
1498,1.6264633059463192
1499,1.742948366910414
1501,-0.2814367569656022
1502,1.2786153200044434
1503,0.7647845895640899
1504,0.9478666133107116
1505,1.320990505643198
1506,1.692656726643555
1507,2.224064968089272
1509,1.8519653312260378
1510,1.2890712700504174
1511,0.3290834098073575
1512,0.5471595047456838
1513,1.667625068207584
1517,1.2982797302206956
1518,1.5395027863791442
1519,0.3161891823747428
1520,0.590546374774795
1521,1.7724177795994345
1522,-0.5722986157150362
1523,0.5397016298323511
1524,1.7896047999333904
1525,1.8559889416662048
1527,1.6766952252926746
1528,1.0523734814542203
1529,0.8837355946528285
1531,1.8465159107554843
1532,1.5396418534489689
1533,0.7132795140050023
1534,1.9191129768295117
1536,-0.004551466425826933
1537,0.35992079145275296
1538,0.3060598655950089
1542,1.007749019294374
1543,2.2298887562701415
1544,1.0788045396903965
1546,-0.4185730094288205
1547,2.818124728475346
1549,2.3407317471232223
1552,-0.42782792446189644
1554,2.7909207749309384
1558,0.8625850638723696
1561,2.2108745418662084
1563,1.6627062363719043
1564,1.9141810201236202
1565,1.413852257297084
1566,1.103977025903602
1567,1.9924164275187581
1568,0.808210525024231
1570,2.441623432463145
1574,1.2773607582808848
1578,1.555422046604829
1579,1.4033933368790639
1580,-0.20467459888210993
1581,0.27333839930715054
1582,1.1839518352069816
1588,1.2931082590184033
1589,0.17892325990112795
1590,1.1707291957303725
1591,1.6473316041073416
1592,-0.2013847963969951
1593,0.44530859411874846
1594,1.1303515544512863
1596,-0.7731656564557265
1597,0.22744338362546446
1599,1.5742316559929495
1604,0.1342507129150944
1606,2.7090504428068494
1607,2.215025833196001
1608,1.4794148947840424
1610,1.2968589579037393
1613,1.8327138673386474
1614,2.4321024996077316
1615,0.6960427306153388
1618,2.2144713842266857
1619,1.569685120046267
1620,3.3132821340444565
1623,1.5241683494681735
1625,0.9428926325899597
1626,2.418393521206584
1627,0.04798806005171019
1628,3.1935853418728533
1630,1.9151209745854667
1633,0.41294315515008956
1634,2.8324107462240202
1635,-0.6534366167957963
1636,1.4976510497426097
1638,2.0156186385644532
1639,1.5775652769436994
1640,1.9297603910459777
1641,3.3465579721536707
1642,3.4066419353253026
1643,2.8794648769554794
1644,3.146448474677261
1645,2.4778532191481895
1646,2.3423058745782623
1647,0.531768453418529
1649,2.635172761481998
1650,1.4752392740618787
1651,2.1337316575334824
1652,-0.21588502618629102
1654,4.34366318710229
1655,3.1080548614218184
1656,2.265396539409274
1657,1.887405554103741
1658,-0.24716350636497952
1659,3.4207304766974462
1660,2.6178712464933245
1661,2.6864681399116956
1662,1.4149539146425743
1663,2.7722200542431072
1664,2.6017399947721547
1665,2.715698819320708
1669,1.3166398460365505
1670,2.1838802366678913
1671,1.3627688643453741
1673,1.5025227799801206
1674,2.063130655952169
1675,2.47711112413462
1676,2.751119700928469
1677,3.043401159929476
1680,0.8877706838335345
1681,2.8304213155247444
1682,0.062022159256496345
1683,-0.34646944283367054
1684,0.03086152494027361
1685,3.6387490709186605
1686,0.54570437554665
1687,1.950219747606339
1690,1.898449585197273
1692,2.6299613326087785
1693,1.963057880208187
1694,1.9560633544083346
1695,0.6740500589824949
1697,2.3139103389815894
1698,0.23051340458322336
1701,2.0672133140515263
1702,1.2317914081486812
1703,0.18274930699963376
1704,1.7778170129044226
1705,1.839974510114446
1707,1.9535931662622033
1708,1.4732360227552392
1709,1.5944794935649647
1710,1.1849656859584716
1711,2.2722701798562746
1712,1.9504802073682657
1713,1.3599618902537625
1715,1.2300184244990637
1717,-0.0998773865165391
1719,0.9140731773170796
1720,1.8165763352797153
1721,0.027258297955664035
1722,0.5894386097379352
1724,0.816373200430673
1725,1.2267184598326584
1727,0.9009618994900156
1728,2.2792822920800844
1729,1.231845766074974
1730,2.156608397551014
1731,0.9833258132402571
1733,2.482848825439644
1734,2.8170231654126265
1735,2.336082981645305
1736,1.1326524501884867
1737,2.7266484661224846
1739,0.01063918432990947
1740,1.454753725687485
1742,3.1497623912294244
1745,1.88774768344299
1746,2.0821667505126915
1748,2.1627702398543773
1750,2.3494453003887608
1751,1.0813622703177985
1752,1.1525801208106596
1753,0.24406448944468334
1754,2.321550301050915
1755,0.8934435677091082
1758,1.6567213646018595
1759,2.053113867264466
1760,1.6216128732553727
1761,2.1607483019170886
1762,1.582250439607896
1763,1.5793098584360865
1764,-0.3815141345326579
1765,0.7338157827595965
1766,2.976556180810087
1767,2.1560546136228265
1769,1.8849127197702982
1771,2.887621822920288
1773,0.7710398101525273
1774,1.783069670916388
1775,0.5183800819279696
1776,1.7737986503513774
1777,1.0838788183414012
1778,0.9710212912240594
1779,1.0707461801116778
1783,-0.01818988073501271
1784,1.709731662650988
1785,3.1298499799304187
1786,0.9178494670146033
1787,1.6106330266269313
1788,0.4354423832798982
1789,2.650593702517962
1790,3.5168442064887717
1791,0.297734887181222
1793,2.0803547321959637
1795,0.4013951851864571
1797,1.8876556484088498
1798,1.8423881722881865
1799,0.3822824413814022
1800,1.8093433471492766
1801,1.5706034991889468
1802,1.7133054511951116
1803,-0.6810826462097933
1804,2.199064255941773
1805,3.734334750742479
1806,1.1800416781404175
1807,0.8397102281967959
1808,1.7977080352659054
1810,2.4266356683089376
1811,1.2211748973275927
1814,1.7098734010784709
1815,1.2759854921782756
1818,0.17148712518066167
1819,2.0076839005010396
1820,0.5294543099864478
1821,0.830931512941753
1823,0.9603631066547067
1824,3.4150948214884376
1825,1.02458271256346
1826,2.2523797725615307
1827,0.47211630890179834
1828,1.9268859953803736
1829,1.7828277340501981
1831,0.3288333720653629
1832,2.4234697813066255
1833,0.9374417872517755
1836,3.297598595023169
1837,2.5702248592087082
1838,3.640894264011739
1839,2.351624383500244
1843,2.462043652888352
1844,3.101796601314814
1845,3.786841060328432
1847,0.04106534052553684
1848,0.8338756463159416
1849,2.0227101338408366
1850,-2.0748701481176783
1851,2.529716873738492
1853,1.3763815348624688
1854,1.19722679835065
1855,1.7122216372036951
1856,3.7420896680195312
1857,1.8882770188078692
1858,1.2403608371815942
1861,2.0489133199549503
1862,0.9724551288692709
1863,2.7795528991617835
1864,1.155871036956968
1865,1.8381015395299198
1866,2.9492221490409927
1868,2.382023774723958
1870,2.331499698855042
1871,3.505034862984881
1872,1.2049925678346365
1874,1.1263498324274184
1875,2.0408123608908797
1876,1.8183341355324525
1878,0.6045354574791338
1879,0.30543657336678254
1880,1.4334150561635661
1881,2.8230779738432252
1883,2.1744850084404446
1884,1.435159128486764
1886,1.7949335022814352
1888,-0.7206056897468488
1889,2.3643466594551454
1890,0.8818922997405783
1891,1.5184377106208258
1893,1.3736692791132765
1897,1.2251368724023894
1898,-0.13226266308136891
1899,3.107223386651247
1902,1.492438967292282
1903,1.580024252214304
1904,0.7839524787859035
1907,0.7126772129589722
1908,0.6228072018994892
1910,0.8385151555956295
1912,0.5550463263859216
1914,2.182339481212648
1915,1.097849491116965
1916,1.6612719108830403
1917,0.1382318726270907
1918,2.1628268575249043
1919,-0.24036652758169835
1920,1.2310956600313978
1923,0.6194127638378102
1927,0.7903500635483192
1928,1.5120378815202185
1929,-0.3565586446856055
1930,2.709496560655295
1931,0.7577306532002664
1933,1.663047459720327
1934,1.087287173879269
1935,0.8360328384950872
1936,1.024603904323799
1937,1.2255386227457232
1941,1.7398120441499356
1942,0.4952431396069108
1945,1.1201689000129933
1946,-1.269554698854814
1949,1.7003531721980178
1952,2.9935339317072023
1953,1.2892694103510953
1957,1.2286422271868356
1958,0.5266955731961169
1959,2.2207664466222896
1960,1.0291390384117998
1961,0.7251601446973901
1963,2.347663918933286
1964,1.37151372692653
1965,1.459565016427772
1968,0.4982958081919622
1971,0.9119553936588923
1972,0.2449090129019753
1973,1.0463138616230443
1974,0.5176660909354356
1976,0.2595294531556741
1977,1.813086343968214
1978,1.2635142492044886
1979,1.0042920376041953
1980,1.2188184815727372
1981,2.760605443081423
1982,0.013171828101555594
1984,2.7828953574834587
1988,2.235958987738063
1989,2.7221183075657547
1990,0.27015974494312234
1992,1.919844628790214
1993,0.9780568972195895
1995,1.7654581365154614
1996,2.5146012711502497
1999,1.0199950567345293
2000,1.1728655318151813
2001,3.4175031711258272
2003,2.0198908204254935
2004,1.4186271608216787
2005,0.4114156883383857
2007,1.9917742584951585
2009,1.7540564209960023
2010,2.104960014845238
2011,2.2340937583634384
2013,2.401831853616714
2014,2.123912917979801
2015,1.6173223829207983
2016,1.687828635068627
2017,1.6022847624211507
2018,0.3941724035946692
2019,0.4940797673119595
2020,1.1664724191549645
2022,0.9820086821172634
2023,1.291232818911087
2024,2.788636841760809
2025,2.638980442317212
2026,1.3468053229204133
2027,2.9425801981687916
2029,2.144930154977274
2030,3.3718401496336274
2031,0.9066727299231327
2032,0.12493095420254624
2033,-0.2803045940992088
2036,1.0662848157150442
2037,0.5346091522635084
2038,-0.6368770863087229
2039,-0.07864693440917137
2040,0.43969067655173333
2041,0.21740145878357542
2044,-0.30700998409007413
2046,0.9563554518353318
2048,1.6323223300102059
2050,3.8540145309105585
2053,-0.39264484022798396
2055,1.3675912529418037
2056,1.3832677594285874
2057,2.0368796533931803
2058,2.715523042234124
2060,0.0044054928731765974
2061,1.0204327300147311
2064,3.166442080720696
2065,3.984357056616232
2066,1.8159388082936678
2067,1.3357844135939525
2069,0.46562296181154766
2071,1.980768593591003
2072,1.8748929800317375
2073,0.8941630996367063
2074,1.4391360262905095
2076,0.7366569196375861
2077,2.4545206216974655
2078,0.8757054455631902
2079,2.2300318304084596
2080,0.21788831029824018
2081,1.9105906759500875
2083,1.8673201781383826
2085,2.4141612683495013
2086,0.39818819239977643
2087,2.664534343319004
2088,1.5930689755401726
2090,2.0718540554429046
2091,2.6755491672461744
2092,0.9807803479663737
2094,1.0116038311918307
2095,0.5399274106459973
2099,0.7154016344238513
2101,0.8103385213255073
2102,0.8103270877741904
2103,1.7236310948703004
2105,0.5542752998087513
2106,0.9146750958843138
2107,0.5149946063472297
2108,0.21079108752795084
2109,0.6470156983668747
2110,1.8759399781593766
2112,1.5259650827040558
2113,1.5937228863880812
2114,1.3467518701645214
2115,2.243136187281331
2116,2.60484884152744
2117,3.556867487535948
2120,2.77072022635572
2121,3.1378041205089047
2122,2.1412825458520124
2123,0.9289722251287394
2124,1.9461486118518354
2125,1.0837556912017
2126,2.038165377798558
2127,1.5562833164410586
2128,4.002996648344963
2130,4.056046353169868
2131,1.5196756785864265
2132,3.58815468721098
2133,1.171658453374242
2135,1.1218021660299329
2136,2.3043103525987023
2137,1.959425395857044
2139,0.9529402037362351
2140,1.8805472377275878
2141,4.206848952064462
2142,1.6072795534522004
2143,2.086307494579904
2145,1.194535792682787
2147,1.4900853789660262
2148,0.6667095326604463
2149,0.6633810199705792
2150,1.044746053037227
2151,2.2301757242379345
2152,3.0585798822264136
2153,0.3801701217044198
2154,3.3996815551097073
2155,1.4273050629519233
2156,3.1573905590771396
2157,2.8874419589122953
2159,1.5182618666739223
2160,1.7939299144884764
2161,-0.7170412705487695
2162,-0.564618608681104
2163,0.03413890063452718
2164,1.3471683996918644
2165,1.2807244586540953
2166,1.6773695594899676
2167,2.022309436030965
2168,0.8439924742125822
2171,1.8745382857679314
2172,1.3637759916295573
2179,1.5981472987228287
2181,2.341232437496444
2182,2.109217551361466
2183,2.5915187339663954
2184,2.089538689712221
2185,3.357162831209197
2186,2.221875360513685
2187,-0.07512970940124758
2191,0.5573190151218448
2192,-0.22058903203119895
2193,0.8345581192228576
2194,0.12712172131865185
2195,1.7899344275681557
2197,0.0027688834154547814
2199,0.1714208631600479
2201,2.165932972519288
2203,-0.13919062595603626
2207,1.2530567900679654
2209,-1.2838737542162562
2211,1.8035679113680012
2213,-0.36579587477556447
2217,0.09571188630472738
2219,0.8508096168917283
2221,1.5751857804775697
2223,2.9271994625729074
2225,1.3530046699447955
2227,2.8613027615941533
2229,2.9089639711846265
2231,2.0496834002275315
2239,2.2588022266518317
2241,2.239950391388143
2243,0.08455524137726289
2245,0.21905741319926353
2247,1.378843858903573
2249,2.6481266117660955
2253,1.9205307799023876
2255,2.786244611167473
2259,2.0913725541971147
2263,1.2535159034204097
2269,2.7111940928820775
2273,2.7281613200670254
2277,1.3554501464943887
2279,3.1398738837134634
2281,0.3750572241866392
2285,2.3232697187915416
2287,0.549240308554927
2289,1.2054136605481487
2297,2.497062772910443
2301,3.2939935110775385
2303,3.2633493089539165
2305,3.1177465488415814
2311,2.8712310780883143
2315,0.9123923824842817
2317,2.426196398703645
2323,1.6691773322350154
2325,-0.19928865391823214
2327,1.8254258783434267
2329,0.16943327559785548
2333,0.8774279287362587
