4629
2763
3567
4655
2044
4464
3687
1718
4239
1184
4008
508
1904
3877
3090
4470
1329
1492
4187
3768
4587
1895
1875
2069
2561
3506
697
4193
3920
99
2786
3351
3610
3196
3773
4332
1191
3372
312
3961
587
1450
4345
1221
1683
1844
3451
430
2130
3945
827
2447
3057
573
1049
2397
2589
1509
2395
218
2436
2286
3611
2180
3263
1796
2212
969
2301
1644
4700
2510
3455
339
4189
4900
4311
3266
30
4689
4971
1312
2453
2946
1101
2198
1676
754
3091
730
318
2375
2110
3701
4375
3487
2773
1584
2762
4038
1355
3325
3764
4917
3170
2310
1907
2441
4914
1146
4531
3191
2029
2994
1041
3228
366
466
3320
4810
1298
1810
4085
3163
1820
395
1696
1811
3614
4653
26
137
3522
2229
4816
3503
821
855
704
418
1223
3989
4233
2889
2386
3034
2708
3634
231
274
3507
2240
2967
1407
1974
153
3790
4963
1720
1735
2589
4759
3247
317
4707
591
4093
3506
2596
2190
4132
4626
899
4824
4850
4832
2175
4221
2150
4867
306
4872
3696
1913
1692
187
3025
2077
613
3339
1986
200
1651
637
552
3770
2614
600
749
3652
3509
3376
210
3543
3225
1139
1370
3312
2427
475
4318
4626
3282
4426
113
1916
3126
4147
1829
1363
1602
4934
1735
3856
339
274
1320
4543
3840
3955
1524
2786
2103
1914
3801
4495
1343
4384
3387
4299
4396
222
358
847
4399
1168
1565
3409
3597
2396
1553
