ID,y
1001,-0.7641321856742803
1002,0.9395617244553729
1003,1.456877421384447
1004,0.6852246206119363
1006,-1.0410211548067634
1007,0.6278502947020989
1011,-1.192742122146232
1012,-0.6495456907517455
1013,-0.07081965454097106
1015,-0.649475546904402
1018,0.2671801685761438
1019,-0.5287670616248581
1020,-0.6489404654451826
1021,0.7947705095046111
1022,1.4782111431944676
1023,1.5839118142472817
1024,-0.1156449734256102
1025,0.1722255753145343
1026,1.4668534091930108
1027,-0.5152830726743025
1028,-0.008623203468141938
1029,-0.16610112330968071
1030,1.397140177887575
1032,-0.39249699431934126
1033,0.5830244235563296
1034,1.9986092621563039
1035,-1.0264442144856487
1036,0.5640222398869322
1037,0.22321751035133303
1038,0.1732515968788781
1039,-0.7526102849552262
1040,1.1915887990440097
1041,1.9288983415310115
1042,1.1031947316908353
1043,0.09133318396158902
1044,0.707741294595085
1045,-1.5229567483067497
1046,0.5327522592348009
1047,0.09936983928938473
1048,1.5486396681652401
1049,0.46208014782259127
1050,1.083818327167945
1051,0.2814608558908953
1052,1.7035190070365862
1053,1.9021351786090275
1054,1.3362951359530855
1055,1.5010748445680002
1056,1.8421169444713426
1057,1.5932200294632826
1058,-1.349612440298667
1059,0.5583665752155287
1060,-0.34629799752990276
1061,-1.4704801382542756
1062,-0.2930295940398763
1063,1.3874081412641606
1064,0.7292305712390739
1066,-0.07451017197799992
1067,1.6690024184345742
1068,0.24135561743567274
1069,-0.591669086655622
1071,0.27071864997163425
1072,0.9518439434689983
1073,-1.1531813083174627
1074,1.3887077342304561
1075,-0.19893289647556
1076,0.9352653362473697
1077,0.49989071219549086
1078,2.6459762014045185
1079,-0.8297236967858744
1080,0.7911956402618284
1082,0.5323952394055997
1083,0.5575069961665337
1084,-1.8496756571742385
1085,-0.7280858920567548
1086,0.4592075643556149
1087,-0.23047783576167885
1088,0.9136910137181953
1089,-0.42838062510422525
1090,-1.0580703454619833
1091,0.45237090869921265
1092,0.07475009433761039
1093,0.3167267685108205
1094,1.3830024082868946
1095,-0.20008484311242963
1096,-1.1730781030045805
1097,0.8885423216358536
1098,-0.4171048544393174
1099,1.8774620120498804
1100,0.9901006204619662
1101,0.17872206250811792
1103,1.766857080435967
1104,0.39983334243632856
1105,1.3590176835736192
1107,1.3308071340963743
1108,0.6983972650626192
1109,-0.9400908412028322
1110,2.493633607385542
1111,-0.016506396410091717
1112,0.04531457090103051
1113,-0.4636060700841722
1114,-0.053750933635982726
1115,-1.7485932195647398
1116,0.23715585899175728
1117,-0.49082402087937815
1118,1.8095458334216765
1119,1.0999656493307122
1120,0.554457189391723
1121,-0.4833259293558815
1122,0.36662471358319204
1123,2.078680897487499
1124,-0.3157200543981317
1125,0.9853471465136847
1126,0.04253109031056762
1128,0.26759862072105495
1130,-0.15098478369882376
1131,1.1287126315782656
1133,1.4061217418341374
1134,-1.0531513000452692
1135,0.9186611962013207
1136,2.03268318629385
1137,0.6008024329175446
1138,1.017458718510144
1139,1.5685121654815815
1140,-0.6209819072826621
1141,-0.7462351315205483
1142,-1.7896853566528788
1143,-0.3009615002097713
1144,0.1978939094668989
1145,0.8359362033098249
1146,-0.5216119179967998
1147,0.9835888738996581
1148,-0.22222232451403648
1149,0.14242670233964097
1150,-1.016634708276447
1151,0.43505136708674785
1152,0.5953265107020289
1153,-0.23941188391955748
1154,0.687080026288579
1155,-0.9406167404836172
1156,0.9084826624739233
1157,-0.3815630403398548
1158,1.1585181326351093
1159,0.6034827038172051
1160,0.4221760122918583
1161,0.3480137939247936
1162,-0.5747287970976704
1163,-1.3925547435606613
1164,-0.5619451410014583
1166,0.6760314127261982
1167,2.295241228286525
1168,0.3347426720429978
1169,0.2998788875076678
1170,0.3328285986226801
1173,1.2270541666895678
1175,-0.15156554787233967
1176,-0.0633704901149883
1177,1.4429589303033608
1179,0.6647907275768525
1181,1.6247990845323343
1182,0.1498577521602666
1184,1.1331712095197948
1185,-0.04936842368929484
1186,-2.066295798800307
1188,0.596700830497301
1189,-0.15257999303161363
1190,-0.09145834011563075
1191,-1.1179180918820049
1192,0.9241200996895846
1193,0.14664708423648687
1194,1.7823022211436252
1195,2.3882507879600574
1196,-0.76444323958933
1197,-0.49193838952950913
1199,1.5633912646998673
1201,-1.0767630563529957
1202,0.058049118864559414
1203,1.0658658061474218
1205,0.2535343928093662
1206,0.5378969140126697
1207,0.2648301499706419
1208,1.512803365950077
1209,0.034742695474043295
1210,0.3564971848150408
1211,0.33363906849501423
1212,0.7814114915103875
1214,0.23667527407376426
1216,2.8268506007179734
1218,2.6396088198576804
1220,0.6507864724493297
1221,0.19951170088936496
1222,1.443106556848494
1223,0.3296815384027671
1224,0.9984369858974458
1225,1.0256305872312617
1226,-0.43428580777532216
1227,0.6197968818800361
1228,0.05945624006622706
1229,0.6114138801027763
1232,0.8152447941246382
1233,-0.9822734496491586
1234,-0.7072740252112045
1235,1.0147477022509255
1236,1.4935255039235649
1237,1.1212176805395813
1239,1.3416027485905024
1240,2.0277739542074764
1241,0.7284537367129339
1242,-0.45874539683573606
1244,-0.8393343895159935
1245,0.7465111913739684
1246,1.7542157394726876
1247,0.37721966512363003
1248,1.8252127138688858
1252,2.3810049306754864
1253,1.3472041380605833
1255,1.6371702770034606
1257,1.6826251201653797
1258,0.32331570519520936
1259,1.5549785486856313
1260,-0.6678219703690497
1261,1.6665509901569084
1262,1.5416056664289646
1264,0.44801514814702614
1265,-0.6228324566056431
1266,1.0481308424496185
1267,0.5676286838030863
1270,1.1715118277026646
1271,1.6545287447836108
1272,1.2202394112702146
1274,0.6969501574033236
1275,-0.6812265383510009
1276,0.3016733009079202
1277,-0.025066416202945474
1278,1.2594789066834233
1279,0.47393443302249527
1280,0.2782910756608393
1281,-0.7161969413265441
1282,0.6520514064015535
1283,-1.0651279250946997
1284,1.3649570855681947
1285,-1.3024679273443316
1286,-0.08720692902265548
1287,2.339284849430677
1288,0.13176014290073645
1290,-0.47760455260594337
1291,1.68114083837176
1292,1.2327662066822698
1293,0.8800169497530899
1294,-1.3035654389051492
1295,2.5278643039790314
1296,0.4863493912700023
1297,0.503865576410194
1299,0.3615141624219788
1300,1.2161670322258555
1301,-0.748251682221694
1302,-0.7751258254574557
1303,1.2222163889203457
1304,0.3692809277369986
1306,-0.6413118022270897
1307,1.6928689022839885
1308,0.002541916833513347
1309,0.33548417292101995
1310,-0.05324074462799011
1311,-0.840710748456803
1312,0.1570098939069257
1313,2.292384843950586
1314,0.6011774005610826
1315,-0.5112411507593904
1316,-0.027916721225548908
1317,1.9201003877653173
1319,1.107894837761307
1320,0.18894645896144413
1321,0.2182603840682922
1322,-0.2549423126600717
1324,-1.108131089688753
1325,0.8696498992411501
1326,0.8141511286174365
1327,1.8463155039462036
1328,0.394346910708822
1329,2.3395076479628294
1331,0.27165139283572837
1334,-0.7500018116339799
1335,0.5186726560110703
1337,0.5688980251013095
1338,1.7417178187647058
1339,-0.2680233975457569
1342,0.7718176713033862
1343,1.4567074916722045
1344,1.0342878569717473
1345,2.567668345988153
1346,0.7967150530409383
1347,0.9305901952639161
1350,1.192586976992622
1354,3.1077058584023147
1356,1.172155209305986
1359,-0.3127250245956801
1360,0.5506147567303197
1362,2.426592836178323
1363,0.5471893214377982
1364,0.09319440028419593
1365,0.2663870131667937
1366,-0.5159797535755901
1367,-0.8438411648208825
1368,1.109151265715382
1369,0.2919076290555078
1372,-0.4835143035304004
1373,-0.06313713917618424
1374,1.124736522236864
1377,0.3751426777971759
1380,-1.1993068896744679
1381,1.362392249241096
1382,1.068470048270688
1383,1.0712747382324173
1384,0.18293859153015185
1385,0.35585182670392773
1386,0.14137349696645696
1388,0.33348955231902916
1390,0.29190838068565106
1391,0.2455594900111897
1392,2.6796719302098047
1400,3.048575922718404
1401,0.1964873534871484
1402,0.7715865068772331
1404,-0.17117943000914293
1405,1.1089951045917448
1406,-0.7415674116149829
1407,0.28832993407329255
1409,0.9662369252902995
1411,3.1519172868844154
1414,0.7190819469262983
1417,2.662418553653217
1420,2.1541897696498413
1422,2.684711552466631
1423,2.0325459180859293
1424,1.7711305955223624
1425,2.408598336055224
1426,1.5376590325222144
1427,0.6784964746018581
1428,0.5596245087827069
1429,0.7220651204402925
1431,-0.4737591523373125
1434,-1.5710802425474435
1435,-0.9923868767511738
1436,1.429528361325878
1437,-1.1064806851661328
1438,-0.18627644042623026
1439,-0.3817317453847082
1441,-0.7001033335170729
1442,2.102631774564737
1443,-0.3497989103814371
1444,3.1053160322649997
1445,0.9330700250898142
1446,0.24863740041664498
1448,-0.7289654319346306
1449,-0.38736460312974613
1450,-1.5273863758782706
1451,0.4441776098024527
1452,-1.2593110337067421
1453,1.4922103385644117
1454,-0.31351769396296547
1455,0.9241517148562688
1456,-1.253417979966138
1457,-0.6213665887485224
1458,-0.6702832122420603
1459,-0.9424811790008074
1460,-0.2054646769550365
1462,2.3117410713374498
1465,0.5707889646522664
1466,-0.5098495939596213
1467,-1.074310285886446
1468,-0.763908455383363
1469,-1.7075391321014202
1471,-0.4929304442758885
1473,-0.8590235084149682
1474,-0.31433955226426624
1475,1.3373160998607019
1476,1.4051690092745748
1477,0.04932500006858731
1478,-0.06479887314767185
1479,-0.7740934081645915
1480,0.8644327563133255
1481,1.154589915456676
1482,0.8836093928979551
1483,0.17389422335558713
1484,0.3829776246515757
1485,-0.8026031337419695
1486,1.9839795465545098
1489,-0.4293454035140569
1491,2.3901973966864762
1494,-0.9919382024594942
1495,0.3407642915311805
1496,0.6443770504895923
1497,0.5576475511610794
1498,1.3562422039709467
1499,-0.5700179760250137
1501,1.38147290468804
1502,-1.1287976944705762
1503,0.12384136437033089
1504,0.5861509304392947
1505,-0.4870330482690625
1506,-0.8675313089741156
1507,1.0174607234019746
1509,1.1783933994023315
1510,0.34145502552138846
1511,-0.5170192739132085
1512,-1.0880111930020224
1513,1.2931522173007246
1517,-0.6955402698250812
1518,2.431486141551435
1519,0.062352831646128815
1520,-0.13979142158773866
1521,0.9878799562609335
1522,-0.4670578051697857
1523,0.8366175579449548
1524,1.045789002301879
1525,1.2049714189639396
1527,-0.4096662350717742
1528,0.8058792230392435
1529,-0.8141108452235546
1531,-0.2146194759566623
1532,0.46466860459946707
1533,1.6394258007720417
1534,-1.692694723633634
1536,0.534286027253833
1537,1.3860458420490374
1538,1.4726052519436479
1542,0.6641196809058085
1543,1.3269128032076123
1544,0.6258941356592956
1546,1.1717152736231973
1547,1.312170039462443
1549,1.3797151319495096
1552,2.2360172646158127
1554,1.3993437267997133
1558,-0.015383533174946909
1561,0.6684785438211029
1563,-0.4260499801271065
1564,-0.8232421829420105
1565,2.191014529926575
1566,2.2341397912332566
1567,0.6755068291613006
1568,-0.32551788552688427
1570,1.3241294492763154
1574,0.5506859562809392
1578,1.3704526559541246
1579,1.0599602674642188
1580,2.2384868835411753
1581,0.4818270244583805
1582,0.8197937740462692
1588,-1.9028694758945472
1589,0.6758574521451486
1590,-1.2609758968747382
1591,1.2461832786362468
1592,-0.2593314938204744
1593,-0.48114702606904775
1594,0.10547282096334323
1596,0.13841218836906133
1597,-0.3684204534659522
1599,-0.19308225114908462
1604,-0.9042259543617435
1606,-1.3154385761594545
1607,1.0439124506324662
1608,-0.45386482873108147
1610,-0.2913836149602697
1613,-1.1014157148186607
1614,1.0856118059924937
1615,-0.7804780216908301
1618,0.9250514408528248
1619,-0.6914123178834641
1620,0.4455866485648712
1623,-1.015316881805809
1625,-1.8334730016442005
1626,1.0690078351270202
1627,-1.2518799224880186
1628,0.4778790467161017
1630,-0.49869813523260087
1633,0.27397735716065985
1634,0.4327142783601334
1635,-1.9767547249880288
1636,-0.9718055745664198
1638,0.5492915766900077
1639,-0.5002109229432228
1640,0.5117992325393125
1641,1.0452775489614272
1642,1.8661294775235366
1643,-0.6440696324219775
1644,1.1067006967199478
1645,1.0718289429113954
1646,0.3714355269661724
1647,0.8933462608181583
1649,-0.2031169175529981
1650,1.1941017113901986
1651,0.8536507426144173
1652,0.19878131084485423
1654,0.537164671043457
1655,0.20010927424817937
1656,-0.5914965761268262
1657,0.7083400779024963
1658,-1.6239124624610695
1659,0.842752909337737
1660,-0.05303246741543832
1661,0.7542752229489909
1662,0.37420446039399213
1663,2.6369451281453524
1664,-1.4047117092336077
1665,1.99027444914698
1669,0.4144905008282569
1670,0.42752691285881683
1671,0.9689402132152471
1673,0.7556827748557855
1674,1.12461236035622
1675,0.483988928665009
1676,-1.1364448468507244
1677,-1.2408887820705823
1680,0.6746126381238486
1681,0.8295081373442741
1682,-0.07906738853436358
1683,1.20719854479941
1684,-2.3623830527583967
1685,1.6100346619464692
1686,-0.8334895226343264
1687,0.10455421669193982
1690,-1.478992149383619
1692,-0.07108772140033087
1693,1.3720625392632875
1694,2.5570270125157006
1695,0.022149056414431767
1697,-1.8022801787465876
1698,1.8470399260074948
1701,-0.49057004632033485
1702,-0.5415532515931896
1703,-0.2934077391466119
1704,-0.4003776518626163
1705,-1.9234091647139313
1707,0.7791775133409018
1708,-1.1512861323098917
1709,1.0351054405048101
1710,0.9083004811076463
1711,-0.20530559879266672
1712,0.9919907170169282
1713,-0.21884569770524426
1715,-0.28572537731816205
1717,-1.801819377749439
1719,-2.1498585555355394
1720,1.2249744191996017
1721,-0.07600571137315654
1722,1.7013049100568858
1724,0.7610335742311395
1725,0.2900072391217092
1727,1.3367175725199678
1728,-0.32176544135860485
1729,1.65171447351619
1730,0.25905772887934064
1731,1.056641965139106
1733,1.9252800510322647
1734,0.2631140522910277
1735,1.3141548662857065
1736,0.8170284452833861
1737,-0.3381950228459114
1739,1.0423229817776054
1740,1.0041707281800876
1742,-0.7941843735037959
1745,0.3935758884640601
1746,0.3727831545586118
1748,0.7764838328969597
1750,-0.7925697496500379
1751,1.589125421954705
1752,1.0521491319609197
1753,-0.5443368316439356
1754,-0.13083779954615238
1755,0.5197432749587702
1758,0.10149841146660066
1759,-0.144930312908372
1760,-1.6878822568654046
1761,0.19995752646061565
1762,-0.09587729510876333
1763,0.7857598660032901
1764,-0.3942315522785015
1765,1.1813463832268996
1766,0.9086079541249348
1767,1.4483634166450572
1769,1.1840553212708587
1771,0.9681591496163723
1773,0.24243025696437198
1774,-1.0221598318355247
1775,0.3246729911627947
1776,0.5578425573377869
1777,1.4938452283497767
1778,1.0800777542772626
1779,0.04596835894459894
1783,1.9370395418576534
1784,1.6102736305257639
1785,0.5421545895806132
1786,0.019716947727719925
1787,1.455779268403471
1788,0.7520026403067046
1789,-0.04080380442806436
1790,1.9096087751944093
1791,-0.4546544896780068
1793,1.34672563447968
1795,-1.73052123967926
1797,3.1877084376750027
1798,0.8205916460996088
1799,0.0007604380682063958
1800,0.08026001779367797
1801,-0.0021877851471611386
1802,0.5441432091486451
1803,-1.8313648084703456
1804,-1.565312570648097
1805,-1.4181998257724109
1806,1.2462262645250222
1807,0.7537061290478804
1808,0.23307097623150086
1810,0.8868137985946323
1811,-0.6520862056885612
1814,0.35282209136778603
1815,1.2592154745752864
1818,0.9830937851326143
1819,0.13456612531287282
1820,-0.19825755420414914
1821,-0.28659949379553495
1823,0.7561371264811507
1824,-0.040624660517806166
1825,1.3469022789202703
1826,-1.6826655003044644
1827,-0.005123495580737325
1828,0.8563873386621658
1829,0.6422494951349896
1831,0.8004439357460722
1832,-1.8505074521804739
1833,0.2203451299086885
1836,-0.2988368969998293
1837,-0.1332323958313737
1838,-0.5473334141987759
1839,1.1684608392751608
1843,0.21879225133399802
1844,0.4820891343025869
1845,1.601288818114499
1847,1.0893297723022202
1848,0.70597450723315
1849,1.6607339562859944
1850,0.21437585102478648
1851,1.0444221831439149
1853,1.4583622482895406
1854,1.3972137143727537
1855,0.7328991909805387
1856,0.09675369529391059
1857,1.0375914216354298
1858,0.21119349662887477
1861,1.5947396665147837
1862,0.7021235879017326
1863,0.4022136996319476
1864,0.46304931912158526
1865,-0.16404755843335828
1866,1.9623272943908037
1868,0.907658588030716
1870,-0.06977905595181308
1871,1.0710044219035637
1872,-0.13216759708773576
1874,0.8888935627132588
1875,-0.19445417785082159
1876,0.07925822645943531
1878,-0.36305841690086976
1879,0.03945913375413396
1880,0.20544638482018834
1881,-1.4785391791876608
1883,0.5592206069836139
1884,1.279863467295374
1886,1.518125970180552
1888,1.2004137113046618
1889,-2.2444739729560084
1890,-0.629794423259376
1891,0.12170341923105354
1893,-0.404476274519048
1897,-0.5609428639825664
1898,0.776298606168915
1899,-1.2377522949002282
1902,0.018023406791638164
1903,-0.4118472745789512
1904,0.8184925701318818
1907,0.18927087078569338
1908,-0.25125221285476246
1910,-0.3142005539368695
1912,-0.634089822549021
1914,0.6662392225947015
1915,0.4838588941272087
1916,-0.387247568145342
1917,0.9564263700382257
1918,-1.8448398083764683
1919,0.3533046732428011
1920,-1.3108032541172903
1923,-0.6233683173538247
1927,0.07060257159231158
1928,-0.04522444807255188
1929,-0.06246074584038869
1930,0.1641515257807004
1931,0.6317515927813748
1933,1.4302254608794926
1934,0.9218223045443139
1935,0.847296256320206
1936,-0.2488037677543894
1937,0.3673654466916094
1941,-1.0118352491716327
1942,0.30858118721604644
1945,-0.10202361051588715
1946,0.09086677164135137
1949,-0.45646752438285676
1952,1.2512211143852392
1953,1.5353937794401868
1957,0.26220210521431253
1958,0.2817271177540305
1959,-1.3945248428046169
1960,0.29692247933134386
1961,0.7166063592794419
1963,0.4881095962596218
1964,-1.6486492792654381
1965,0.6092217377714018
1968,-1.775680836576436
1971,-0.2834253146788239
1972,1.6993247435593297
1973,-0.19878058781105906
1974,1.3318433179009423
1976,2.437381698795132
1977,0.21866719569904997
1978,1.2951591344729003
1979,-0.03746192381659466
1980,1.6623044127282829
1981,-0.4043994145448453
1982,2.4406308126859018
1984,1.015210703481872
1988,1.3884165576393142
1989,0.967198079227874
1990,0.9977905825433568
1992,2.3721473045309844
1993,-0.8388319202513216
1995,-0.10591679610921861
1996,0.800778035617657
1999,0.7581859347416534
2000,1.3034461477367403
2001,0.8958904288016583
2003,2.1895500933279886
2004,0.9884582205206383
2005,1.6470729359879568
2007,1.0261391699509197
2009,0.901019255605051
2010,2.56951644160032
2011,-0.112094323575479
2013,-0.055257082001147206
2014,0.5209253930810513
2015,-0.9921135211257062
2016,0.6114122618853433
2017,-0.22914514435470615
2018,3.0408869268616288
2019,-0.34923922966945514
2020,2.3768031435936994
2022,0.9876515277006899
2023,-0.47146714171974313
2024,1.4220097478368658
2025,-0.4301688491961486
2026,2.235301566314704
2027,0.5461904573246702
2029,1.409340640051427
2030,-0.4932780624718687
2031,-0.28707203837012624
2032,0.3453259041293705
2033,-0.4142330296045041
2036,-0.8803390878087483
2037,-0.35929776006095526
2038,0.5560829880947906
2039,-1.4164361365560805
2040,0.2596519740194835
2041,-0.2663064590661798
2044,0.4845159467183181
2046,0.7096318198621339
2048,1.8375985195397606
2050,-1.0949611411194244
2053,2.324721973162553
2055,1.420826889410156
2056,0.7592081544159704
2057,0.9408153644474966
2058,-0.41463113537061963
2060,0.3305235224041173
2061,-0.5402994571593586
2064,1.1181355024716553
2065,1.6615621562614573
2066,0.12843556861668892
2067,1.3683704606151843
2069,-0.25671053824734685
2071,0.7176657661491319
2072,0.7270888860345146
2073,2.2771710982232127
2074,-0.09623433509679935
2076,1.5472193618060017
2077,1.2373459400116338
2078,0.5461365829994671
2079,1.6057811366980181
2080,-0.014625193729745037
2081,-0.5759545908658311
2083,1.043622630084784
2085,2.273635270165497
2086,0.3032804643894431
2087,1.5164436029512194
2088,0.5361562117503824
2090,-0.06042231136034437
2091,0.9836874024531499
2092,1.8118621083523836
2094,-0.005819165837523177
2095,-0.3316209944130799
2099,-1.820411473004622
2101,0.8692511396914464
2102,0.7840349265790515
2103,0.18645648081730423
2105,-0.16480113034599356
2106,0.2725924778125709
2107,1.6980517399438637
2108,3.095213282219109
2109,-3.0586077169181802
2110,2.549035388157251
2112,-0.8761645844824848
2113,-0.47581626481637573
2114,1.315103740320742
2115,1.2974531411832975
2116,1.0230014562976468
2117,-1.2287424588812024
2120,2.4189919110600195
2121,0.7736445921623076
2122,2.1615754473755135
2123,1.9865430473701575
2124,1.321503987829351
2125,1.8538219578558572
2126,2.3120614736572955
2127,-0.6005632706311008
2128,0.0170614650384701
2130,-1.6046015374145761
2131,1.1056243120933331
2132,0.7339246825585856
2133,1.33727040351315
2135,-1.1334039012217723
2136,1.3489337211636019
2137,-0.050414920299055255
2139,-0.9532425954241128
2140,1.092700580509503
2141,0.6757098864795168
2142,1.4694246595289815
2143,0.5876616870667415
2145,0.8914501005046093
2147,-0.4500834695793483
2148,0.16963540665780852
2149,1.9829549480979933
2150,0.3914966617586023
2151,0.5304895212651602
2152,1.4486907803327296
2153,0.3644807924956675
2154,1.1808357980151274
2155,1.5144071422181065
2156,0.9818554530101535
2157,0.8829078019873781
2159,1.0233075362155863
2160,0.6072284089132471
2161,-0.9322821948255285
2162,-0.2547451746717014
2163,1.1253874699728064
2164,0.6919843416507833
2165,0.6424680414872944
2166,0.9892521723644639
2167,0.5564560246185923
2168,-0.7024573895076158
2171,1.1226135883040866
2172,1.2925065046110806
2179,1.2724011151332664
2181,1.3362638211255653
2182,0.6219312510555951
2183,1.8014337095661945
2184,0.48402593126699855
2185,2.5439492217503106
2186,0.2319040165560906
2187,0.38535990970674794
2191,2.0632281584524987
2192,0.7784763406320158
2193,1.5503278032190488
2194,0.0716209468824962
2195,-0.141096701108425
2197,-0.7283636113729135
2199,-0.5056796015639278
2201,-0.39363684246372044
2203,2.5746917083835053
2207,1.1158301088070324
2209,0.15119055058699116
2211,-0.5106401231354458
2213,0.8072564944497617
2217,-0.9769779395791187
2219,0.14895612534559222
2221,0.4251835985921106
2223,0.6251827650289579
2225,-0.5073801715683653
2227,0.37334031159724834
2229,-0.5506017468521268
2231,-1.3732546580765732
2239,1.26105269438817
2241,1.8975677631903127
2243,-0.858034671620491
2245,1.0306251298885862
2247,0.7738753470558017
2249,-1.0130717920328218
2253,0.3174881691502354
2255,1.0509856941437377
2259,0.6582310189758969
2263,1.751056179950309
2269,2.3991955518392607
2273,-0.31849276567287454
2277,-1.2047496435462732
2279,-1.9178174138831445
2281,-0.9632574375967404
2285,-0.08966473794955376
2287,0.11387562090645015
2289,0.15240095318332336
2297,1.1104446555771257
2301,-0.455417675375024
2303,1.1028921680829455
2305,0.5537420544358825
2311,-1.1538332979381094
2315,1.8314305037081384
2317,-1.3845383237806423
2323,1.070450731276875
2325,0.5121309101012576
2327,2.6570073794207754
2329,2.1424160192434067
2333,0.17531370452096212
