4051
1828
3011
3798
3193
565
1917
690
2565
3582
4342
3526
1157
4352
972
2038
340
890
893
2294
3589
2677
354
650
2086
2899
890
4375
2937
4246
4697
1850
3022
1770
847
1846
4718
827
4673
39
3018
1270
1278
2654
2628
1060
1492
2913
2145
4715
1974
4822
3960
982
2868
4551
3718
3708
4677
918
1875
3147
4151
2637
1278
2682
639
3865
3218
2575
3772
924
1789
4186
1104
2555
1096
770
1655
393
4205
384
4789
759
4161
355
3285
3483
1560
4783
1763
2404
969
3788
4152
1840
1961
4047
2624
2542
3683
843
1610
1269
348
1630
1308
1020
375
55
2511
706
2359
2378
2939
506
1609
1593
3387
2118
1536
2746
3400
18
2838
4857
649
145
3781
2113
611
2540
4467
1358
2542
919
3639
1386
4396
1083
1981
1594
1494
3939
250
3444
700
4761
2127
1743
1579
2630
338
2730
2434
1717
4042
4001
381
2349
683
790
2630
1396
1069
4220
1672
634
4517
3255
4314
4031
474
4633
2852
3734
1881
2210
2741
3663
915
295
3629
4235
514
3198
1255
832
1422
246
1370
1277
1853
2846
825
3525
1210
4626
2070
1743
4864
2176
4209
3956
2904
744
2999
611
1759
2396
1255
3166
173
4960
435
961
2869
3530
1331
1654
3948
2634
2214
346
4721
2583
2666
1095
2123
1355
4982
218
3812
2699
2939
1085
577
1160
46
4862
4577
3234
3368
3631
4318
2918
3467
381
2553
532
4259
