ID,y
1001,-0.9495751362125938
1002,1.552950115674084
1003,1.2548822836872509
1004,0.3601178710490714
1006,0.4551612429921179
1007,1.082567887160084
1011,0.6617907385407353
1012,-0.2707093503321012
1013,-0.4398609726380158
1015,1.7190418807636956
1018,0.6891857382547056
1019,-0.8068202409287932
1020,1.9160702770331692
1021,-0.15755800967637437
1022,1.2312163440439576
1023,-0.6359036358937135
1024,-0.7833743546678144
1025,-0.8512256013485362
1026,-0.13168680207769318
1027,-0.19489061603949498
1028,0.4000859708741817
1029,0.32638650279234843
1030,2.4723845145003596
1032,2.326542337201657
1033,0.08102455468707848
1034,1.7456201916355738
1035,-1.0002640336959008
1036,1.2745154997674024
1037,-0.38318628210289296
1038,-0.9087926184745866
1039,0.8048298759564781
1040,0.66122226908911
1041,2.680691328486347
1042,1.4531657708919887
1043,0.8193833598720098
1044,0.6588353982806745
1045,1.5196531717388315
1046,0.9308941684071333
1047,0.27445325287634903
1048,1.3234141374242694
1049,1.720951864914877
1050,0.05221101227798197
1051,0.9130589593970335
1052,1.434706638780035
1053,1.7758538512342639
1054,0.9905607371289651
1055,0.41054177652376345
1056,-0.4927057125839277
1057,-1.215195201209188
1058,1.633588837534966
1059,1.2619140747846629
1060,0.645882849344782
1061,0.8516530696256679
1062,0.4016047575595364
1063,2.5997842334958383
1064,0.07699747154980513
1066,1.9329380074508187
1067,-0.31387665407848386
1068,1.1453130758721985
1069,1.203594730054622
1071,0.9991675200030391
1072,-0.40002177795434973
1073,1.0197159188472997
1074,0.3638513373447336
1075,0.9244706249883546
1076,1.4963944221245442
1077,-1.6962251662003525
1078,2.5167126017239094
1079,1.2144373271733342
1080,1.3695538423523679
1082,0.6037506759958244
1083,1.6447016888387296
1084,0.22803573185248444
1085,1.2312364952312145
1086,-0.6240267003107272
1087,2.7132031402182797
1088,-0.6711953647305169
1089,-0.5305703872626275
1090,-0.026626880073233772
1091,1.191128967986598
1092,1.0240792847160454
1093,1.5207949056850454
1094,0.9243625134727956
1095,0.7243443698003164
1096,-0.3884369820352006
1097,1.5276124036792034
1098,0.005197821149270476
1099,0.6547017431738985
1100,1.1639862940014847
1101,0.017813485227783366
1103,1.9806261025233123
1104,-0.09334459813187612
1105,2.768695889179696
1107,1.3900374648047369
1108,-0.27692016326785296
1109,0.8563277959580914
1110,0.9323319071423057
1111,0.8310748236820775
1112,1.2105871710664755
1113,0.7191944065838466
1114,1.863510970041169
1115,0.2667365103850372
1116,1.9493484105068366
1117,-1.3635645584579914
1118,-0.028076170114096244
1119,-0.31705472168946325
1120,2.0405149362708377
1121,-2.613871297084896
1122,1.9779192709292297
1123,0.39582863860684886
1124,0.2699467983160809
1125,0.13829994490682118
1126,1.5193439923745244
1128,0.7409602645361998
1130,0.5659382901198705
1131,1.129082813571175
1133,1.1271223584596286
1134,-0.6119323908685564
1135,0.5756164066053823
1136,1.3259083463910917
1137,0.8348044666696983
1138,-0.474445399915199
1139,0.0020335471911205882
1140,1.3270087165410145
1141,1.5980897064422264
1142,1.9998418725161806
1143,1.1432128284326044
1144,0.9200595187865623
1145,1.3586462567844864
1146,0.9842137831062965
1147,0.9824033803359769
1148,0.6548960284645597
1149,1.5715415639366639
1150,0.032937334186019684
1151,2.5983321915422404
1152,0.4967893444150836
1153,2.2615192944912863
1154,0.5957422257506435
1155,0.43429494782073397
1156,-0.49979271451001706
1157,0.5537492416714214
1158,-0.6358538263447525
1159,2.0030711433496884
1160,0.9523230036478438
1161,1.3278594405620425
1162,-0.09149862608463377
1163,2.0263009540754835
1164,1.1949421121829844
1166,-0.029568092754763298
1167,1.463158531453083
1168,2.4253945056951127
1169,1.0858114363630695
1170,1.0470645458519476
1173,0.19055382219532518
1175,1.5036993288771219
1176,1.0419198099756903
1177,-0.04772082104404485
1179,1.8568042754534821
1181,1.4554812248874636
1182,0.4911811579057941
1184,1.8046416478806848
1185,0.771413391393047
1186,0.6324881271345523
1188,0.4096060136172615
1189,0.5494803571979043
1190,-0.1862485059151042
1191,1.5316178143959576
1192,0.5144173453235876
1193,1.5118815557543597
1194,0.6738883987455165
1195,1.1679468386517222
1196,1.0609935403387567
1197,-0.4082236189758315
1199,2.9263187683685192
1201,0.09011857143780777
1202,0.9273926057635085
1203,1.2145692350657256
1205,1.0217608125369122
1206,1.2060773687093698
1207,1.9620370299036751
1208,-0.22926688130484701
1209,1.4089122656346644
1210,-1.920059202762465
1211,0.8059643209922945
1212,0.2908772811839232
1214,-0.1349913688207191
1216,-0.007455050627945742
1218,0.37667880473353804
1220,0.292073083719355
1221,-1.2508993238575947
1222,-1.2823245042839893
1223,1.7000129450702541
1224,-0.7313903426371235
1225,1.1451794510187967
1226,0.2080921561458132
1227,1.0367780429104474
1228,1.5488127865000694
1229,1.6105928724896237
1232,-0.9180278362990896
1233,-0.1438526411173754
1234,0.29170759639865895
1235,1.5678924106419465
1236,1.4548652239808886
1237,0.33387598298850035
1239,-0.4336169290360265
1240,-0.3855451194256234
1241,2.048057000314851
1242,-1.138335096735075
1244,1.5554858868549482
1245,2.51193729991293
1246,-2.0799322568390908
1247,1.037331439370369
1248,1.8220179220727406
1252,-1.3879395501392449
1253,0.1414077439554139
1255,2.2852136721679686
1257,1.8249221300473093
1258,1.2629930474895257
1259,0.5188969609564267
1260,0.5158400274152619
1261,2.335317633229698
1262,2.3934683666481873
1264,0.27544093269446207
1265,0.5605561398921064
1266,0.5154261221256278
1267,1.346480599950939
1270,0.5862217242983742
1271,-1.726815481903192
1272,0.3102925405770932
1274,1.21110300616308
1275,1.3635476667158488
1276,4.265896055524916
1277,1.470517306008704
1278,0.9212448359223614
1279,-0.8019278849027877
1280,2.529749682508072
1281,0.9452463582814372
1282,-1.3902119615324722
1283,0.6271684153728193
1284,0.13618781223601922
1285,0.1685849892263055
1286,-0.22277547235609296
1287,0.4601989497157803
1288,-0.5154970454157609
1290,3.3508126762306083
1291,0.33379777251809195
1292,-0.34513066105970625
1293,0.046335121814782054
1294,-0.05345769107621942
1295,1.4895346062348394
1296,1.8333916746832895
1297,0.36772912735241087
1299,0.7010790385015603
1300,1.924503541469548
1301,0.007186636592203088
1302,0.07090042818354936
1303,2.3355696826668146
1304,2.4320734699385653
1306,1.0815829860746824
1307,1.908321946213564
1308,-0.6602249417629746
1309,0.7522025514516615
1310,-0.03972103305134178
1311,1.094886333417264
1312,-0.11996060982143131
1313,2.4557250156625914
1314,-0.6413947580886239
1315,-0.4650914318790443
1316,2.567900659559765
1317,1.4842749421208596
1319,2.332109071571459
1320,3.6613379001446056
1321,-0.09799270531819526
1322,0.4001896461509882
1324,3.515460535413136
1325,0.7764615293722799
1326,-0.4672211177969174
1327,0.41361178388252356
1328,1.6939265563978498
1329,0.7991241544852699
1331,2.398499274280036
1334,-0.8126721491384075
1335,0.8250782125152755
1337,0.5843098474953973
1338,0.17956142823521581
1339,0.35088450650402353
1342,0.41552009088757286
1343,-0.44709978028218106
1344,1.1615384114148342
1345,2.117250064075275
1346,2.724016084201418
1347,0.6137453729174294
1350,0.024040535431935517
1354,1.50832144992391
1356,2.725360911629841
1359,0.36159888437118015
1360,0.2851398020665519
1362,1.83179596367729
1363,0.8841758940982904
1364,-0.8517561007904881
1365,0.9285562383010908
1366,-1.0036187510199719
1367,1.394537769023435
1368,0.2835446281458732
1369,0.34549218173760654
1372,0.5912132455223206
1373,1.3623953069189394
1374,0.30720271530895227
1377,0.35901144456520606
1380,2.941599982886402
1381,-0.12187347876594035
1382,1.1396928749961202
1383,2.380308827283672
1384,0.47459727423741604
1385,1.0484365383921983
1386,2.066467429933433
1388,1.5799200308746437
1390,1.4974701581713845
1391,1.8100000462374677
1392,0.3486106959213776
1400,1.7160828572543039
1401,0.9638756380623821
1402,-1.5615339346074553
1404,-0.8320468547647509
1405,-1.4163421821250737
1406,0.6691398900912555
1407,0.5300954948182053
1409,1.435663576420826
1411,0.6965081162708197
1414,1.4704887882574582
1417,1.9070879564105687
1420,0.6575158680800812
1422,1.5276989848635467
1423,0.4432905980775794
1424,2.7310582632313043
1425,-0.19418064972060406
1426,1.5353684850011273
1427,0.5198508372021345
1428,0.5459497784076993
1429,0.2681187343822876
1431,0.7943516629871084
1434,0.9265368426822173
1435,0.1826845440442023
1436,0.770014456180775
1437,1.742659118752507
1438,1.502758431368258
1439,0.7848909540822332
1441,-0.5704026227733334
1442,-0.20949600549914238
1443,2.5052105949226395
1444,1.411329134089749
1445,1.3330899498512803
1446,1.0110223534318439
1448,1.7865923606964973
1449,1.563430666794679
1450,-0.22914410343472902
1451,1.96566682398502
1452,1.4011842329014137
1453,0.05751381763533814
1454,1.5873097076049283
1455,0.4218318762144792
1456,0.03408011396349081
1457,0.6002454769139567
1458,2.0677462080256017
1459,2.0355531632831414
1460,1.5387968080273522
1462,0.7634472376621182
1465,0.8301019139891195
1466,2.3484394553243355
1467,-0.09666669576360548
1468,0.14718695810780674
1469,1.3648550346636483
1471,0.8790250350323088
1473,2.165691409286369
1474,-0.014138281883442572
1475,-0.08761850186804232
1476,2.576934556860298
1477,-0.25049656906725104
1478,-0.14600952383071852
1479,-0.6739505284263385
1480,-0.17358097628166758
1481,1.7424585380996507
1482,-1.539773071974595
1483,0.238513533485067
1484,0.8520596352137216
1485,0.5719933658727121
1486,0.4782857334555768
1489,0.907510224942207
1491,0.9300886124152232
1494,-0.17453692461755227
1495,0.8966660916938878
1496,0.6695602753658167
1497,-1.3806965628476904
1498,1.2558061423943592
1499,0.7540109473532223
1501,0.937429619940474
1502,-0.1562197448232066
1503,1.6975163610171813
1504,2.7105830400063873
1505,0.6477769564271557
1506,-0.7668582582524012
1507,3.3119786792198602
1509,0.40416158962781856
1510,2.66809289412545
1511,1.8479007853645855
1512,-0.9431022810256469
1513,2.0928502880795006
1517,0.7990645172826577
1518,1.2821813726274012
1519,2.5254930841020125
1520,0.5105042819538901
1521,1.61035120693669
1522,-0.03841887958785428
1523,1.8266889419220675
1524,-0.921278733885522
1525,0.6861857836282668
1527,0.22593965850580042
1528,0.6203797691346972
1529,-0.10679737305573545
1531,-0.0337448766374934
1532,0.08915725048928647
1533,2.2125369744114773
1534,1.429134767503675
1536,0.16933625940763042
1537,0.6020032600078724
1538,0.8686111479873032
1542,-0.3876206205845575
1543,2.057959538949871
1544,2.1152027296963887
1546,1.3152483490036901
1547,2.122951407980113
1549,1.0088435945601097
1552,0.11629363544711455
1554,0.6949843811831626
1558,1.1944386557434157
1561,1.311177592551749
1563,1.4388967209092534
1564,0.5943429835280758
1565,0.48764554191465653
1566,1.0976588511275938
1567,1.376112125282375
1568,0.9588966780021357
1570,0.9313672417600345
1574,-1.1469745774323812
1578,0.9754648951995926
1579,0.3671570062592352
1580,1.6928010543184673
1581,1.4031835575341824
1582,1.237227965615263
1588,0.20552462920857906
1589,0.5249335246449304
1590,0.31487337963793205
1591,0.11545853475806311
1592,-0.47532112250398884
1593,0.5185675192164579
1594,0.2664561137330762
1596,0.8920687669099809
1597,1.9603818333470362
1599,0.4084804886935798
1604,-0.5753305787220531
1606,2.0141761305805366
1607,0.2400564960177075
1608,0.966324706071487
1610,0.5851164951862671
1613,-0.9725911486081058
1614,3.474827831705082
1615,1.074445066079097
1618,1.9888552209908847
1619,-1.3908827219435076
1620,3.870389356172125
1623,0.32768965443408365
1625,-0.4081243567087862
1626,1.1556827220897616
1627,0.24864790440722495
1628,0.6684496131628896
1630,0.136583286319615
1633,-0.46692738872823103
1634,2.3492082426373484
1635,2.3158617625641567
1636,0.7322399585507884
1638,2.0461458233293337
1639,0.4423353675940097
1640,0.5228709640166489
1641,1.3520925978740022
1642,2.015542817250237
1643,2.718431831537191
1644,0.7083618045451853
1645,-0.4522827096411916
1646,0.5337149109440756
1647,1.2309973986012024
1649,2.488779778422539
1650,-0.09691442868601707
1651,0.11641810838724012
1652,0.7985286621920439
1654,1.9132522496253435
1655,0.055554350207592584
1656,0.5109259131420187
1657,1.0429918061754777
1658,1.8829478818986964
1659,-0.12878706747960725
1660,1.009404914946448
1661,-2.0271492438885517
1662,1.1340812222925323
1663,0.5936876010954018
1664,1.174098585609564
1665,-1.1732463230846135
1669,0.45088798272566943
1670,0.1398754718117624
1671,1.5672211608771556
1673,1.1553612661520665
1674,-0.11267685420532375
1675,0.1700013451868555
1676,0.400312672607983
1677,0.25332807933695867
1680,0.539323533010312
1681,1.9346531347951028
1682,1.0750368674282251
1683,-0.27934142335076534
1684,0.6488352727583715
1685,0.5665721394077032
1686,0.8045416550720418
1687,-0.7918896575511872
1690,1.1424370996594573
1692,1.675349338169898
1693,-0.31332480026926746
1694,0.822824359502559
1695,1.840931735735429
1697,1.0137236031999362
1698,2.301164629794568
1701,2.511899474528423
1702,0.5697725733602024
1703,-1.5923633067973437
1704,1.000223765136693
1705,0.9538560588026801
1707,0.2374843618195701
1708,0.5448696086413655
1709,1.462768909111425
1710,0.6041040437178876
1711,1.5371797074419458
1712,1.941913218730695
1713,0.011742093710944479
1715,1.5014645666949722
1717,1.108708937678722
1719,0.8639150662125287
1720,1.407353284252563
1721,0.8879679952292328
1722,0.24710778578623427
1724,-0.5889902182047108
1725,0.7743325224509789
1727,0.7932853953479148
1728,-1.7639037094014531
1729,0.5502692987210973
1730,-0.49625236433682135
1731,0.03862717238684371
1733,1.2105036979000479
1734,0.8757700843724993
1735,0.9863838657752194
1736,0.16671981251113827
1737,0.6351713267194818
1739,1.3962248543509364
1740,0.4165300806786717
1742,0.6240243051800736
1745,-1.1187865898988292
1746,1.387993391260868
1748,1.4179275056682097
1750,0.6457456441454761
1751,2.505037258806011
1752,0.49719598535526327
1753,0.37919320900076237
1754,0.005986430869377779
1755,0.6750725985613307
1758,0.5319350650575181
1759,0.05400527506232433
1760,0.38344397291890187
1761,1.0342118066419912
1762,0.7330962338412749
1763,0.41294382500645754
1764,1.4034220897297136
1765,1.8560787783020727
1766,1.7999360033216834
1767,-0.10907570894881768
1769,1.2729087260112402
1771,-0.18684706638247894
1773,1.4187317321531303
1774,1.1397462121393602
1775,0.9330137605699235
1776,-0.9415552174902426
1777,1.4496031566127385
1778,0.5844988510586262
1779,0.38452628249099574
1783,0.30342983669988716
1784,0.49791712849605174
1785,1.4743326777967094
1786,1.9990880756455793
1787,1.4585259988680095
1788,-1.2465523485489864
1789,1.2402678211739329
1790,1.2306804556849893
1791,0.06157843723605261
1793,2.336356192712837
1795,2.2704364861831663
1797,-0.5640855793325464
1798,1.0561542072620222
1799,1.0272089991109021
1800,1.2499311988410975
1801,1.0269227424734957
1802,0.42125239526772973
1803,2.1397502737223872
1804,0.6262886986729103
1805,1.796028687425224
1806,-0.31475963631042825
1807,0.2331867251337798
1808,0.18819595722858784
1810,0.7259407697948785
1811,1.1731571512200285
1814,0.7668667991810505
1815,0.9392596755415237
1818,0.3787211504175051
1819,0.8628690646477165
1820,0.3781832453825912
1821,1.4190568589989128
1823,-1.8128313241881642
1824,0.6976957461435512
1825,0.2642253823555094
1826,0.09118432022110212
1827,-0.10464511406504987
1828,1.078988467044522
1829,-0.5354435426066662
1831,1.6260587519056389
1832,2.2788234539684926
1833,2.5618015602473343
1836,2.4808204306984467
1837,0.6530292011256272
1838,2.4757132983009242
1839,-0.2693764601402294
1843,0.8373914419439739
1844,1.4394902322893324
1845,-0.7991484791687996
1847,1.6152929981374053
1848,1.6235450865220913
1849,0.9881363383675812
1850,-0.61228806720685
1851,0.1969291742041771
1853,-0.3195365414253254
1854,1.6835609670604197
1855,2.071031148261089
1856,-0.44767337603939594
1857,-0.3138426981062087
1858,1.1226139273872056
1861,1.8012196963338098
1862,2.8837643913843714
1863,0.5403444082866644
1864,1.4754033085996012
1865,1.6072247149831762
1866,-0.41704381401355783
1868,1.0921621900084177
1870,1.9061310347017275
1871,0.6562147001681448
1872,1.1168622328592692
1874,0.6393719099823383
1875,1.4919122072042832
1876,0.5834973578173666
1878,0.911481367474126
1879,2.0038291889763915
1880,0.3558411111973464
1881,2.0182452276730216
1883,0.9213239018155625
1884,0.2433299720614369
1886,0.9228729206679
1888,1.0003954399946997
1889,1.486282769865189
1890,0.8727605295645692
1891,0.6357860754645479
1893,1.5419014527490702
1897,-0.7951978138010853
1898,1.9596665827876638
1899,0.437413620792538
1902,0.802376389633938
1903,1.3824980233073483
1904,0.46942160967918545
1907,2.2408029271467003
1908,1.97771192760996
1910,0.5535437319173095
1912,1.5568606974594335
1914,1.5548099184639623
1915,0.9963542904267143
1916,0.9315298677637303
1917,0.8431308410853452
1918,0.5818969208746397
1919,0.9998380742834982
1920,0.6618332695418538
1923,0.7850119600002973
1927,1.063316158874802
1928,0.49384972268917005
1929,0.0719235561328826
1930,-1.1595530537762975
1931,0.4932623961781535
1933,0.5231280914366943
1934,0.709887931498414
1935,0.9434456921106125
1936,0.965026791826109
1937,0.412867580744027
1941,0.9188866668947039
1942,-0.3656728996009566
1945,1.1439482564023047
1946,2.6952726882742875
1949,0.7279950711023611
1952,1.784130311434165
1953,0.8203746744324731
1957,0.882942377527182
1958,0.4541306294601013
1959,-0.7965497641497208
1960,0.7160370776982073
1961,-0.5001535288123794
1963,-1.521468641754028
1964,2.3033891230836416
1965,-0.28117950315179696
1968,1.9748804944549916
1971,1.6710331637764535
1972,0.6624067838259935
1973,-0.9252932371055254
1974,0.40201548139104504
1976,0.31514433209213033
1977,0.6330491322063088
1978,0.2858804738441354
1979,1.201779515461291
1980,1.660072142196514
1981,1.4177776687637125
1982,1.740865177794328
1984,0.5806024372787826
1988,1.7970969676444177
1989,2.8936398189186687
1990,0.787107384450106
1992,1.7540452865253204
1993,1.5995421703697086
1995,-0.11955246353614002
1996,1.3814740496677118
1999,0.8721210511557954
2000,-0.29325170269458595
2001,1.426471450485061
2003,0.8701561304221506
2004,-0.008290597815958867
2005,-0.034554254705124965
2007,1.5013581916595102
2009,1.05131305809622
2010,-1.1481783117297606
2011,-0.26086701165069176
2013,0.8420072318292113
2014,0.8341986790450548
2015,1.5278244293914782
2016,-2.0813785486349543
2017,1.2887034205843093
2018,-0.5041891933869521
2019,2.8793187611858757
2020,0.1367237372270922
2022,1.730699404835164
2023,0.19181683771686006
2024,0.3489226358380295
2025,0.7804113297653537
2026,1.563014394140746
2027,3.0366564690074056
2029,1.1417356640070195
2030,1.7019838909081204
2031,-0.9693737212742877
2032,0.5784715587410705
2033,1.2076378247112542
2036,2.24448026533546
2037,2.2967706166643462
2038,-0.5175741720975718
2039,0.2585411095900362
2040,2.2645466905018363
2041,0.0017401405444732454
2044,2.260986853467395
2046,1.170065545152536
2048,2.0922031449824594
2050,1.7165392852886157
2053,-0.30261680727254564
2055,0.10500406555955466
2056,-0.3182717124947195
2057,1.9517020586091358
2058,1.1393485215787116
2060,0.5690594949311866
2061,-0.0780886594177511
2064,-0.36158845958854213
2065,0.29177369508270395
2066,1.473326221360392
2067,2.7363249313524323
2069,1.8908157010554638
2071,1.2326637617752896
2072,-0.4700058549889856
2073,0.7871174869318422
2074,1.6946238497790427
2076,1.159835242014518
2077,-1.4770165815742717
2078,1.4366315963478233
2079,-0.6041023810799244
2080,1.5012352548720365
2081,2.4978213292704714
2083,0.790946180235212
2085,-0.13029199662056468
2086,1.1494667303969375
2087,0.9095293794992451
2088,0.7054719488489911
2090,-0.19580079868426245
2091,0.39731852261555567
2092,-0.15434386784940937
2094,1.1804336540576337
2095,0.6005162632465256
2099,1.4578826090979016
2101,-0.7718380533581172
2102,0.9112464781893609
2103,-0.36635977224016864
2105,1.6330654430193898
2106,1.513597866946605
2107,1.3797403927089333
2108,1.127073602191028
2109,-0.08037251332754358
2110,1.8849489790286569
2112,1.3019721181335062
2113,1.8747815756606172
2114,0.3118532559957419
2115,1.09645831124478
2116,0.5734848300609356
2117,1.131756588837019
2120,0.6832824839385873
2121,1.484375365592874
2122,2.333451936944395
2123,-0.6172562738925566
2124,1.6023169613927872
2125,-0.6577269156604068
2126,0.5152817236725129
2127,0.4982527026095057
2128,2.904074683751836
2130,1.4830531332848267
2131,1.0802845697821493
2132,2.132914832127789
2133,-0.7138356415609112
2135,0.6323466726654577
2136,0.92762252746105
2137,-0.10440190582911857
2139,0.9284418922321118
2140,1.4748964673625646
2141,-0.189742742770586
2142,0.6443320078880936
2143,1.4168919834574476
2145,1.2603549674474968
2147,-0.0009738622937292413
2148,1.2922982680096966
2149,2.0349619961245637
2150,-0.7840981156689226
2151,2.2642437469267946
2152,0.40473353999229555
2153,0.2125064295686932
2154,-0.35030722184272933
2155,-1.1354806775880697
2156,-0.08318235687973463
2157,-0.5687192993039798
2159,0.9393578992814986
2160,2.2519452101460047
2161,1.019294761171593
2162,1.1250099454648304
2163,0.3413975669652872
2164,0.63947815148311
2165,-0.6359194568249462
2166,0.6287110814876828
2167,1.3885782591765865
2168,0.07806145576542256
2171,2.580518973207782
2172,1.22602887282724
2179,-0.7636016009765195
2181,1.523329631960079
2182,0.1516286629672996
2183,-0.08384958181630743
2184,0.4273595343526484
2185,0.6951867117012696
2186,0.6250367769798783
2187,0.22565109354615454
2191,0.6922359079830525
2192,2.6835938547004385
2193,0.17326052879865128
2194,-1.1425768816502941
2195,0.2678566869090706
2197,-0.20447032258109354
2199,2.6985320582121006
2201,0.6347833861255694
2203,-0.6446498331838462
2207,0.5557907102561236
2209,1.107161928074785
2211,1.9848851135760546
2213,0.6170133549030299
2217,1.2080271314275421
2219,0.09016861328755416
2221,0.29365442624507904
2223,1.2780240935756035
2225,0.10803110399358945
2227,1.2481097017402965
2229,1.9594785665351977
2231,0.6238872308474219
2239,0.3655702462253364
2241,-0.15907846747022858
2243,0.5460716413657342
2245,0.0818199443621288
2247,0.47442703563842115
2249,2.4394845041747057
2253,0.5637797921165862
2255,0.8623606940347206
2259,2.756142171717502
2263,-0.012025413859989342
2269,1.2926287612268241
2273,1.452056594666445
2277,0.6791932942450098
2279,0.28491976577912215
2281,0.5340388226994945
2285,2.270856138785397
2287,1.6630920106969793
2289,2.060868631900618
2297,-1.0796057669639516
2301,1.5476337392593493
2303,0.732582824233638
2305,0.8737646063136446
2311,0.9218715851769823
2315,1.0100494196337606
2317,-0.7073067460169269
2323,0.4613842084950486
2325,-0.37797297857395684
2327,-0.10562117967249873
2329,2.912280033893113
2333,-2.590174042980265
