4371
3135
2007
3307
939
4494
3922
2470
1098
2106
3311
1145
2571
97
1585
1386
2824
4631
868
3246
1432
4392
4547
3940
376
4444
1918
990
3078
180
3581
3936
859
2270
3044
2307
4390
3
367
730
219
118
2699
2352
3713
3425
294
2562
4117
216
2165
2876
1497
4220
1913
2169
1607
1881
4950
3739
87
4133
1287
3945
1574
2606
264
1277
4500
1979
2650
4962
3026
4685
3735
2191
2440
2481
4540
4421
362
2002
2981
3599
1799
2550
2266
3967
4728
3139
379
2927
313
4481
4168
4814
3750
3732
4725
2997
3708
3320
4232
4374
3742
3948
3693
4140
3284
987
2796
433
436
4995
4631
2259
4340
507
4903
4388
4961
1655
192
3411
3395
4095
521
751
706
323
3720
4007
873
4321
2941
795
3326
4861
1326
2879
3584
583
1981
2464
4126
958
1429
132
407
1721
3951
327
2475
3999
4045
4346
1526
3071
1747
1881
824
4472
1057
4943
3127
292
460
170
4272
3138
4305
3363
439
3007
4987
3479
3688
4758
2946
3711
2449
223
4944
3304
3790
406
2912
657
3394
2157
414
2
1744
3959
2760
994
4002
4166
4264
3407
944
961
4504
2535
2217
3656
2534
4556
3273
4709
3328
4250
3152
4507
2624
1334
4992
2794
174
4826
4169
973
4530
970
2636
2613
1599
2885
1139
4754
269
3308
2785
3513
3666
3150
2822
3441
1990
4777
388
875
1817
3738
3522
745
3521
351
2899
2075
2552
