ID,y
1001,0.9837043832213503
1002,-1.573831669217443
1003,1.0368020241425813
1004,1.204721439631662
1006,0.19240675939453972
1007,1.4765232116730036
1011,0.38372647830518936
1012,0.00624071113020408
1013,-1.4616399874646433
1015,0.26152119702643084
1018,-0.49070243145312686
1019,0.7428114785366574
1020,-2.201324135555033
1021,1.3270073423065396
1022,-2.5943157767156
1023,0.640642001335662
1024,-1.5742653228741685
1025,-0.6305617643435417
1026,-2.2895478680515375
1027,-0.5188367028940754
1028,-0.7521103958864908
1029,0.047058421568243025
1030,-1.36797430827015
1032,0.09564105713802126
1033,0.5225608758024053
1034,-0.3611899615130363
1035,-0.9551032457110918
1036,-1.4552494384734374
1037,-1.2228866044502043
1038,-0.6280803010168097
1039,-0.6956300677208374
1040,0.3307977930020943
1041,0.8265254031260627
1042,0.6236523846611581
1043,0.8621436948403537
1044,-0.368704905528605
1045,1.849214424069755
1046,0.06305002765753898
1047,0.18396894649097736
1048,1.542582461842818
1049,0.12974302314890873
1050,0.7586270667373004
1051,0.3245163787733249
1052,-1.3003721941878783
1053,-0.9823569353103021
1054,-0.22652051495222292
1055,0.05629297686503976
1056,-1.8918628100735448
1057,1.0248864021979323
1058,-0.3939503542171696
1059,0.5690357884763043
1060,1.2434376674702303
1061,0.4500647512619933
1062,-0.33254375510052187
1063,-2.15566515248746
1064,0.4463493063820271
1066,0.2384113978112279
1067,0.8358785598185814
1068,0.6103864243442099
1069,2.4332664539433178
1071,0.6810061907966035
1072,-1.007103818859576
1073,-0.7442565533453506
1074,-0.3314634984063522
1075,-3.0111826593863533
1076,0.03561117596551311
1077,-1.506163912200368
1078,1.2401552126087925
1079,-1.0494905111489836
1080,-0.08511570720581654
1082,-0.4824034689840385
1083,-0.10405866717963458
1084,1.719955162429275
1085,0.5899450150499389
1086,-0.017677303307793157
1087,0.6068182525557729
1088,-0.2299896242092646
1089,0.6564775838597607
1090,0.34869936697034565
1091,-0.5703916327810014
1092,-0.3211011341623379
1093,0.642267673582024
1094,-0.24287291870816619
1095,1.2540583668747578
1096,1.519494164769453
1097,1.6286405454620478
1098,0.6942791197972231
1099,-0.78892977229948
1100,-1.2832850314821374
1101,0.5910244411257406
1103,1.0224459847285519
1104,-1.977476780515354
1105,-0.734069201388041
1107,0.3977299233951139
1108,-1.0587667175916173
1109,-1.2037012727247896
1110,0.39046299499582093
1111,-1.6179856325138622
1112,-0.001661767746357734
1113,-1.9465496538175078
1114,-0.007764186089971828
1115,1.1769264489663867
1116,1.0423803687190571
1117,0.9753690625248737
1118,0.35727429480739326
1119,0.3535530726403159
1120,1.1042519578802348
1121,0.7045442573544944
1122,1.0460527068312147
1123,-1.5704860399875045
1124,-0.902609657670755
1125,-1.3561276044331765
1126,1.1181053446706646
1128,-0.4645141161545097
1130,0.6593296126358729
1131,0.1560720683278619
1133,-1.5988486840727854
1134,-1.5392454484727773
1135,-0.6357508377594986
1136,0.09094202812945325
1137,1.0258608413686616
1138,0.6002437577914855
1139,-0.00526303575572834
1140,0.23497129015838591
1141,-0.1953852299527658
1142,-0.9220655825979217
1143,0.01625758416425338
1144,-0.34897227017727966
1145,0.20349865574743894
1146,-0.9802094134093449
1147,-0.77151186924208
1148,-1.1271382373595544
1149,-0.033191934955333874
1150,-1.0620034737528656
1151,1.0074908880562006
1152,1.0304971917934764
1153,0.8682106727088691
1154,0.7773682393541368
1155,-0.04884048095236697
1156,0.6808875144679802
1157,0.056685031183417924
1158,-0.27380526513034514
1159,-0.708824464083746
1160,-0.29256905817405293
1161,-0.9819220440874459
1162,-1.9529064107083003
1163,0.30803682521893666
1164,0.29992729749386227
1166,-0.8321744360558152
1167,0.9653795849078146
1168,-0.8613389055827789
1169,0.8627930466351954
1170,0.3114000310614564
1173,1.8953031680114516
1175,0.4849100965770835
1176,1.5167200150502662
1177,-0.2543400806991856
1179,0.29683945589098815
1181,0.32313101296876345
1182,0.9684952368417701
1184,0.45829132584333654
1185,-0.35064882445089185
1186,-0.0009706730147730075
1188,1.8138295794870414
1189,-1.9778494611385988
1190,1.2785389558508042
1191,0.7272247546233567
1192,-0.20829147237557383
1193,0.3115520198275092
1194,0.4536967435900373
1195,0.28283963118684763
1196,-1.4656201453481335
1197,0.5629498388002211
1199,1.2229835783308662
1201,-1.1426363402612394
1202,0.7088958767779562
1203,-0.029206166739518286
1205,0.27516827925966614
1206,-0.23850187056081512
1207,-0.6767545398477637
1208,1.7681476519294188
1209,-0.5973222937614551
1210,-0.8251965081470661
1211,-0.6039208175533415
1212,0.8664275208296459
1214,-0.3601149347312334
1216,0.9906181842928803
1218,-0.46244011504917576
1220,-1.3583923007036982
1221,-0.7111998064656411
1222,-0.9208453061722212
1223,0.47268892035622234
1224,0.11741760965503217
1225,-0.35807839051746837
1226,-1.110202562499122
1227,-0.06667891992523481
1228,0.6285607911572817
1229,-0.5803483073038219
1232,0.4427736500574328
1233,-0.7740633086014532
1234,-0.47976538480466957
1235,-1.1282605835691373
1236,-0.16893140334798712
1237,1.9470953121894157
1239,0.471788702411143
1240,1.2719170712412355
1241,-0.6746733776320357
1242,0.8721889918843113
1244,-0.016454305802477753
1245,-2.6886241321245015
1246,0.46672174509276926
1247,-0.40686758030074166
1248,-1.1711301438945936
1252,1.3023588089866291
1253,-2.21411843040894
1255,0.28044586740156485
1257,0.7304955879746923
1258,0.1382151353339467
1259,-1.18866404391304
1260,0.3081417921124091
1261,0.8797635916182798
1262,0.4014702829171195
1264,-1.1470599378545994
1265,0.42598344001119554
1266,0.567046232988169
1267,-0.7727359695423948
1270,-0.2519039765977023
1271,-0.08233222461386758
1272,-1.0331665529932663
1274,-1.1423219993217486
1275,-0.8019858135646769
1276,-0.10323271667986622
1277,-1.4904213310502081
1278,-0.795585330492481
1279,-1.298123410798413
1280,0.35412269236695393
1281,0.36019288872373056
1282,0.5272109967339356
1283,-0.937995418720226
1284,-1.4052899752777486
1285,-0.9415877537602777
1286,-0.5720065286315945
1287,-0.5127638291010721
1288,-0.7937469986643007
1290,0.1344219236192794
1291,-1.2663703579191297
1292,-1.4577668222666604
1293,0.4778835757916138
1294,-0.6361320938618795
1295,1.2786759775898198
1296,0.44662156415992327
1297,1.0385691023793528
1299,0.7032612171210982
1300,0.554217755858477
1301,-0.47931302156755506
1302,-0.10437000627392162
1303,1.4251181332582998
1304,0.3181370009616699
1306,-1.4355975722100247
1307,1.9646544766645662
1308,-1.761660458007283
1309,0.24594671061895318
1310,-0.48611979581327064
1311,1.138275993135801
1312,-0.8144692970354954
1313,1.0359113461370033
1314,-0.08061815148503337
1315,-0.38301469397461807
1316,-2.1544638398216884
1317,0.23369445226853233
1319,-0.7325209897361653
1320,-1.2014537524522055
1321,0.4598775747875328
1322,0.07615133470818225
1324,1.2483007798718073
1325,0.48927718451844987
1326,1.0025946887385788
1327,-3.3518189710730724
1328,0.07321360206827036
1329,-1.1736383901803102
1331,0.021601196592766207
1334,1.2509274223957683
1335,1.0232671108380251
1337,-1.8286587620700647
1338,1.058227669212819
1339,1.3129533604168675
1342,1.6931099168053243
1343,-0.4034157105335754
1344,0.2133127272478458
1345,-1.2237053285074686
1346,-0.9491399561498628
1347,1.5356095807757164
1350,-0.7270294341724608
1354,0.8258394756368149
1356,0.8433023714298614
1359,-0.19041769477487397
1360,1.4640107949650885
1362,0.45117095702985616
1363,-0.3915081362509092
1364,0.3521901522872294
1365,-0.962544440365694
1366,-0.11281727823899586
1367,-0.5160323373184219
1368,0.20266959873597076
1369,-0.4754471786655251
1372,0.5123897545592484
1373,-0.08088741895365859
1374,0.593928059889142
1377,-0.1685546323869644
1380,0.601254698096088
1381,0.4888619644820862
1382,-0.3437246023450027
1383,-0.2522864579540801
1384,1.050776504730918
1385,-0.2546958706033653
1386,-0.6079608992384282
1388,0.6171477828338983
1390,-0.8403196212865391
1391,-0.01620469930441315
1392,-0.261164608707332
1400,0.02033295090973236
1401,-0.6479976047254292
1402,1.1811396635014488
1404,0.08661526066003344
1405,0.39309321373157097
1406,-0.29044425604554214
1407,0.7365120588314633
1409,-0.1342753310031713
1411,-0.49701490487786504
1414,-0.36642130902797565
1417,0.5328080566448211
1420,0.24513276497047543
1422,-1.316619089121197
1423,1.8517432125287734
1424,0.4995231624873911
1425,0.1828272245927246
1426,0.07272052064874113
1427,1.5450337924521849
1428,0.5516487982120444
1429,-0.6178958545578955
1431,2.7696451674460896
1434,0.13869952725097418
1435,-1.0383779451524935
1436,1.4276324666504432
1437,0.10979381546655535
1438,0.007207250916159591
1439,1.2191724625505496
1441,0.07074193514540988
1442,0.40591015917834894
1443,0.42211667087789817
1444,-1.0157599102155759
1445,-2.2618167117949333
1446,-0.02560823064736434
1448,1.126010418886213
1449,0.08424152049423161
1450,0.4369716431488655
1451,1.0113263807948962
1452,1.1086013071788943
1453,-0.5241837110344587
1454,-1.3756525994975013
1455,0.11528344077488539
1456,0.09201622111952573
1457,-0.42887889148317415
1458,-1.5162967282356865
1459,-1.1734036258343108
1460,-1.0857796707955867
1462,0.14351456293311476
1465,-0.26370624682878724
1466,-0.17127336582196226
1467,0.24966183789959073
1468,-1.3860684625116682
1469,0.6096099754371368
1471,-0.37683222122947324
1473,1.0824197486118696
1474,1.087916788877166
1475,-0.5492334494059801
1476,0.03344475204345976
1477,0.1011159570726099
1478,-0.9094303199721314
1479,-0.0014948957964819043
1480,0.16558866277391612
1481,1.2293482156936735
1482,-0.6467417630558892
1483,-0.36014181274935114
1484,-0.6990426612949281
1485,-0.3488255957029426
1486,0.2790828334407174
1489,-2.314236577894759
1491,-0.24418614201183325
1494,-0.6947483682440447
1495,-0.21989631935841628
1496,-0.10836020394973278
1497,-0.1456299577709439
1498,1.3778478123860065
1499,0.44279868300518277
1501,1.060719817684064
1502,-1.839123934269402
1503,0.029790910704099977
1504,-1.0284168941088994
1505,0.3625624383166617
1506,-0.8580445868162676
1507,1.6325358711602982
1509,-1.084224225227669
1510,-1.6151700493322276
1511,-1.2255229655662427
1512,0.5455933379438765
1513,2.2281179853788458
1517,-1.1034349229966411
1518,-0.45316340935688393
1519,-0.5711271291205045
1520,1.5584980861157065
1521,1.4998012753122207
1522,0.21737027554453317
1523,1.0736825309540006
1524,0.872941773534588
1525,-0.22778024290842203
1527,-1.7057295300055708
1528,0.12193126599213544
1529,1.3553069565216265
1531,0.38898818011811237
1532,-1.393420056665808
1533,0.3756153089591072
1534,0.7153473778555952
1536,0.29890212193563703
1537,-0.7253293242149694
1538,0.7986580909400826
1542,-0.1682309755702901
1543,0.6187814258725728
1544,-1.5506850318849517
1546,-0.8020425617971018
1547,1.4686378879170805
1549,0.6799461439293297
1552,0.28863338597056887
1554,0.49680863003595666
1558,-2.4546793667851636
1561,0.8259971650305091
1563,0.15703713532147662
1564,-1.1659667404344227
1565,0.6757680070343302
1566,-0.5528359046341269
1567,-0.7150453332864414
1568,0.7764705052030634
1570,0.5898338029749319
1574,1.5673700642296153
1578,0.34198459560379213
1579,-0.09339396917046738
1580,-0.4012402474500398
1581,0.5505560944016723
1582,-2.953666676756089
1588,-1.5331307873666495
1589,0.40924929369310753
1590,-1.7517590547604083
1591,0.17873222908355624
1592,-1.186875093322518
1593,-0.5931750873810707
1594,-0.5802596684715231
1596,-1.2707547594170774
1597,1.3933428201113573
1599,-1.0988159826297825
1604,-0.7236777126605867
1606,-0.7156973515557256
1607,-0.31859262588029125
1608,0.14546056857618817
1610,-0.5220558008327743
1613,-0.21113961492987654
1614,-1.2013763585772863
1615,-0.28680077736417714
1618,0.501546145830422
1619,-2.2147057772999883
1620,-2.7680318112305287
1623,0.6744622125820924
1625,-1.0606123866924373
1626,-0.6862716049902711
1627,-2.0491889664903185
1628,1.1238097889979466
1630,-0.866565937331573
1633,0.33328128988329303
1634,-0.09008940451836034
1635,-1.4380013104361464
1636,0.5472784808423337
1638,-0.2245253651540295
1639,-2.6633032550789513
1640,0.29268550518718334
1641,-0.3944186642161086
1642,0.4323373881469854
1643,-0.96126887469983
1644,0.3642397752750016
1645,-0.45823416967625064
1646,-0.4847608987829498
1647,-1.5484901882567461
1649,-0.7600799604009312
1650,0.21835768833184777
1651,-0.5136140073918816
1652,-2.324856105345826
1654,-0.7430371619125983
1655,0.9652176753927275
1656,0.656613931177924
1657,0.5632011487735599
1658,1.0232555797595775
1659,-0.5732387496749477
1660,-0.9954576274524785
1661,0.3028914044727814
1662,-0.20126007191520812
1663,0.2788940944400461
1664,0.933233154687185
1665,0.6205329188736571
1669,0.6050628703291591
1670,-1.7932231079990317
1671,1.7316623495840782
1673,-0.6032830472049436
1674,0.2116277674754357
1675,-1.1902958276828088
1676,0.08225904476138385
1677,-0.17272100903413237
1680,-1.3373673611748507
1681,0.6135312733041407
1682,-0.4142384000360514
1683,-0.7559383104539636
1684,-0.3391679121493572
1685,0.4715452544557816
1686,-1.2984623841423577
1687,0.35048297757548197
1690,-0.09581708266316458
1692,-0.7734417434025787
1693,0.6731119181605829
1694,1.1501890552957628
1695,-0.748771840639905
1697,0.7644148096295521
1698,0.34876790731508833
1701,0.8519335013725955
1702,-0.48769407297850376
1703,-0.9260801426551005
1704,-1.3440728259343884
1705,-1.4709272852270465
1707,0.47868769007299883
1708,-1.8613054600721397
1709,-1.0178160672133507
1710,-1.0918877586968196
1711,-0.4853094603998148
1712,-1.3207024283563145
1713,-1.4109191958080898
1715,0.5533029351819648
1717,-1.2561560381195007
1719,0.286599048763533
1720,-1.8273898520973075
1721,-0.08334328907664879
1722,-0.6788146739543052
1724,0.2005628618529599
1725,-1.870832631836067
1727,0.8254918720383488
1728,-0.38334086395093087
1729,-0.9409952429750424
1730,0.782425296009885
1731,-0.11126608183192782
1733,-1.3221918831763415
1734,-0.15272011321230117
1735,-0.9743077764170041
1736,0.07031281632579556
1737,0.16360055350107705
1739,-1.871244606981315
1740,0.37209592631778804
1742,-0.22187860512809127
1745,-0.0323655752579417
1746,0.6031840421237523
1748,0.6285357474379003
1750,0.7401416562820768
1751,0.782245315153449
1752,0.4524112237203587
1753,-0.6268774660470848
1754,-2.6321838603578747
1755,0.3563413169995049
1758,0.08205187575641444
1759,-1.884936796329538
1760,-0.6031677587880105
1761,-1.2722506692941162
1762,-0.1572313932272098
1763,1.4919495802528029
1764,-1.3723292361765669
1765,-2.1555302720030878
1766,0.820326451117608
1767,-0.3374956044478831
1769,0.11334008787781386
1771,0.7499009262688153
1773,-2.103852526247178
1774,-0.33507892246721815
1775,-1.497575040377048
1776,1.0759331979107771
1777,0.1403613040829404
1778,-0.9360150583043796
1779,0.5522991980565524
1783,0.17315652295085077
1784,-0.07126675178326733
1785,0.49862133403868675
1786,1.2853969510982781
1787,-0.11215998296081917
1788,0.3631504700850571
1789,1.4258607983033995
1790,-0.18868186647618712
1791,-0.827037912131916
1793,1.0942575955604867
1795,-0.13041087838387233
1797,2.2349366676458384
1798,-0.09099323232996864
1799,-2.0489055615505367
1800,-0.5734242883736369
1801,-0.292180743085849
1802,-0.9793540996805998
1803,-1.7015537509782293
1804,0.8380986697999051
1805,-0.34600703160237956
1806,0.017845563624349747
1807,-0.8058671034513261
1808,-0.56210185016538
1810,1.186181184752269
1811,0.15521039671184755
1814,-2.218270065531228
1815,1.182185385967181
1818,0.1921296924660154
1819,0.34895275403482295
1820,-1.0962272188312898
1821,-0.5274703538502695
1823,0.12768910121515992
1824,-0.09096581914102464
1825,0.01696711991064423
1826,-0.3625826219279269
1827,-2.4665552087228937
1828,-0.7473459532799385
1829,-0.26024337735337344
1831,0.42123664525069837
1832,-1.0254591470349683
1833,-0.5840475804055626
1836,0.3580727506402306
1837,1.700043589668748
1838,0.02005888972663683
1839,-0.7714869547916319
1843,-1.0722979119115579
1844,0.7661520619843719
1845,-0.17747633401255103
1847,0.09682187163048431
1848,0.45236451038587105
1849,0.6866038382001592
1850,-0.7069834600213883
1851,0.21594303424377526
1853,-0.14336375857513162
1854,-0.4438410734490224
1855,-0.8509844308638926
1856,0.7253162797142678
1857,-1.1705808511479308
1858,0.8596922097944065
1861,-0.5141930550281709
1862,-1.1515705535420395
1863,0.9499263674759204
1864,-0.024098327464408542
1865,-2.35194812806566
1866,-0.5968154802150794
1868,-0.38281631699283647
1870,-0.06736556398894927
1871,-0.8671787796242204
1872,-1.517025666837374
1874,-1.0970629318379055
1875,-0.5291616454264259
1876,1.457026138633715
1878,0.6010248837388127
1879,0.4099346824476895
1880,1.1051574683710637
1881,0.49071408513518167
1883,-0.8747888071711227
1884,0.6816625223741456
1886,1.2181766397876725
1888,0.790346617704544
1889,1.77610323610576
1890,1.113071236539099
1891,0.4284391189167921
1893,2.268894819312631
1897,0.03231271144206896
1898,-0.010006676105958845
1899,0.31799699323565056
1902,-0.019536533682360857
1903,-0.7164413253477787
1904,-0.06582151864889668
1907,0.16790962295112044
1908,0.6490977608191363
1910,-0.7874454978809793
1912,0.20716261275383308
1914,-1.0631401716609585
1915,-0.11995204494972819
1916,-0.6586740979556004
1917,0.8040167552066055
1918,-0.42194405573345084
1919,-0.411800143467784
1920,1.1090293268152713
1923,-1.9953293876556293
1927,0.3799147262408154
1928,-0.2389689957345036
1929,-2.0196284375818356
1930,-0.6472839877565497
1931,1.1793347913059886
1933,0.32758434522095803
1934,-1.2650342640684835
1935,-0.4176647888006487
1936,1.0018413641545887
1937,-0.01781405412814452
1941,-0.7947687392547309
1942,1.7784057291693434
1945,0.9578920918959645
1946,1.322539270918859
1949,0.053444583051642666
1952,-0.3207195794943075
1953,-0.05143637525826805
1957,-0.3115011303157583
1958,1.4974568202337282
1959,-0.12831965976442528
1960,-1.0347925417176351
1961,0.871040104431586
1963,-0.16242123169494882
1964,0.3925379449389759
1965,0.11866148709569879
1968,1.5448218068051673
1971,-0.6836619177303623
1972,-0.4653789369007447
1973,0.12741609395991754
1974,-0.5487830263693998
1976,0.7369257558159014
1977,-0.30407601409331053
1978,0.6411458139804371
1979,1.3163763544081104
1980,-0.7011306834376332
1981,0.6185413423438475
1982,1.5046385634398223
1984,-0.4763788626633074
1988,-0.7979472868224726
1989,-0.3985579736651595
1990,-0.7471682401049691
1992,-1.6015615068892002
1993,-1.043870848902223
1995,-2.0849487998913228
1996,-1.2241124908536232
1999,0.6357536348049457
2000,-1.559815492519977
2001,0.3284065697018844
2003,0.2470699417241623
2004,1.5252333770664386
2005,1.0119745000084297
2007,2.1402885302580508
2009,0.25276868657248364
2010,2.538816734472413
2011,-1.9831081546915552
2013,-0.8314665116425972
2014,-1.3359607327876475
2015,0.8837055950171656
2016,-1.8041278613524383
2017,0.07236065487736679
2018,0.684977436991022
2019,0.5650883678305514
2020,2.094286255925413
2022,-0.28078300426286784
2023,-0.9138430176677649
2024,1.9972433507797467
2025,-0.4094804196103603
2026,0.3795134284506657
2027,0.533628423948468
2029,-0.10910006884599949
2030,0.6684876089614655
2031,0.4881151922718529
2032,1.3993574458008098
2033,0.20065898825996092
2036,-0.5819586108391548
2037,1.2904115438628663
2038,-0.48451979845488435
2039,0.23549623837445938
2040,0.09020279378538218
2041,-0.5796098655942672
2044,1.5077450785400661
2046,-0.4539171195417695
2048,-0.010324970630989028
2050,0.8851169785677002
2053,0.9593800172808008
2055,-0.6503870975332787
2056,1.4251600193765848
2057,0.6321572948320486
2058,-1.7863434991799843
2060,0.35471615959803776
2061,-1.5426062211241471
2064,-0.06559358025365736
2065,0.4062999467428287
2066,-0.927779534331152
2067,1.6400055620112883
2069,-0.785925723753599
2071,-0.8298506954085565
2072,0.7736946406046019
2073,0.3334363441297569
2074,-0.6120212581954079
2076,-1.3607741338189503
2077,-0.5974039846295347
2078,0.6602998618175983
2079,-0.6642522232747403
2080,0.4567314790895428
2081,0.8454444663008888
2083,0.05756622486130364
2085,-1.0266677724158548
2086,3.2763303312966046
2087,-0.10683853690614759
2088,0.058105295350490804
2090,2.1288782432738396
2091,-0.8259121993648881
2092,0.01972287385584326
2094,-1.872415250037645
2095,1.034018374288074
2099,2.0589171486353215
2101,1.0731497341030032
2102,0.47086930256974374
2103,1.7537092982671738
2105,0.2711376337708089
2106,1.2834101553443
2107,0.9809399084405326
2108,0.11166777466127648
2109,0.07641034097737452
2110,0.0745217948689712
2112,-1.1389913375952136
2113,-0.05653067646274318
2114,0.09190706912602672
2115,0.7846234345631008
2116,-0.4653548158051134
2117,0.6449903742719183
2120,-0.29217705769117763
2121,1.529819891192755
2122,-0.519694165244488
2123,0.8396990518478791
2124,-0.9991418309651675
2125,-1.0604367652280304
2126,0.2653137481955521
2127,0.04300105547834755
2128,-1.6858968452001815
2130,-0.720297145051839
2131,-0.6463756786767739
2132,-1.1745850552392874
2133,-0.31635001343603336
2135,0.444514827105378
2136,0.06852408307398106
2137,-0.38833972073580264
2139,-0.11795267338345805
2140,0.7501965479819465
2141,-0.33133198376493217
2142,-0.16948006969466883
2143,1.587016052674123
2145,-2.137837895192216
2147,0.90644584330523
2148,-0.015880091640210425
2149,-1.7550779187430765
2150,0.19059707700982764
2151,-0.8108836458156056
2152,0.34235706338966265
2153,-0.80381676189539
2154,1.2244944481423272
2155,1.5981356524384427
2156,0.8416467175949646
2157,0.506981952624953
2159,0.18905541226384853
2160,0.32161852022191073
2161,-1.0294889810754284
2162,-0.38605156327561674
2163,1.3238058704875333
2164,0.9424911974610812
2165,-0.7957478185581126
2166,-2.6652693862156585
2167,1.1680772455337673
2168,-1.6155603240999803
2171,0.11615231354520367
2172,-1.6114062483123184
2179,-0.08449568496983062
2181,0.7249171088905477
2182,-0.77427723443253
2183,-0.940667696039444
2184,-0.4867648453131651
2185,0.08990531058652487
2186,0.5632972538598994
2187,-0.408744807561766
2191,0.15357536921906012
2192,-0.1003290042764259
2193,-0.6184497343247498
2194,-1.1976678159699596
2195,0.21928424017480497
2197,0.1035946572128047
2199,-1.2824423901689528
2201,0.6524286678971781
2203,-1.5292758783093974
2207,0.34534017675801965
2209,-0.14209914355457412
2211,0.34754287042043025
2213,-0.7849197257853828
2217,1.334321268315068
2219,1.8636048763752435
2221,1.9218214371426787
2223,-0.49083909341120036
2225,0.9562353748548902
2227,1.3874599232580365
2229,0.7026754900421393
2231,-0.7926530923865727
2239,0.7863934906183141
2241,1.6778026691228543
2243,0.7280140509733252
2245,-0.935147689138192
2247,0.26911547280174425
2249,-0.8402475007362158
2253,-0.6104351179913607
2255,0.3566412997831192
2259,1.049242847418774
2263,0.465916110988434
2269,-2.3151712549953865
2273,0.44104425016071147
2277,0.8212162465250988
2279,0.39989733517275505
2281,0.5990483313191928
2285,0.019645057766315865
2287,-0.9627804175395842
2289,0.049155399361220375
2297,0.7665072759994436
2301,-0.6793781927313768
2303,0.7925531984409387
2305,0.043049269206524125
2311,-0.6234583319363565
2315,-3.145574935253851
2317,-1.388588403876803
2323,0.7698088736058868
2325,-1.9707704068985068
2327,-0.4850767409620415
2329,-0.34221659189534437
2333,0.28075672468640434
