2654
1939
789
983
128
4037
1361
1466
1627
1663
4636
3623
4259
2518
3449
1074
3581
745
3084
997
3636
984
2321
1313
2960
835
341
3422
4573
157
708
3743
1667
3816
2356
648
4345
408
2091
4843
1184
1169
3252
3581
2301
652
4791
4374
676
2536
1194
4642
1942
864
1543
1168
1742
606
4453
730
2394
1488
4983
4351
1990
1122
4925
2448
5006
4884
4517
2849
4676
2230
3803
2150
732
1620
2643
229
847
3538
4896
2565
1853
1259
797
2376
415
422
4238
3310
1315
1847
1570
3782
2975
4575
4009
1108
3891
2866
3485
3684
1207
433
236
4863
145
1198
3368
2684
4512
709
1705
3873
4551
2990
777
2681
1178
4190
3768
1848
3218
3237
5020
3511
51
1627
2747
291
517
669
3901
2653
3520
3143
885
472
1925
537
3809
3954
4072
1774
2017
3496
5
3322
3762
3428
2797
2191
2379
588
1745
1074
2367
4322
648
2152
729
2667
736
3311
1431
944
978
2737
3481
2212
1337
3155
1347
2890
4657
4868
4325
4592
4117
1183
4655
2474
2225
3766
3278
2897
2791
4511
4477
4334
908
1996
4076
1855
2606
3721
450
4472
2423
1564
2140
1221
1861
2054
222
427
3465
4566
2387
2718
810
52
3629
3579
890
2671
933
501
4689
253
1815
4283
4906
2289
3388
1292
2501
4901
1639
4340
2537
2077
2731
2962
4136
2783
2766
4948
2765
2797
1142
3088
873
3274
2595
912
1377
806
4820
