1687
2244
1833
2079
1196
1144
3363
3381
884
1797
1819
1510
439
762
425
1353
3513
1185
4103
4466
4828
1145
3543
1777
1622
422
399
2881
3922
4576
3110
3567
2673
4757
1825
90
405
5010
257
3184
417
1648
3526
67
1732
4896
4437
973
4532
2756
884
4982
875
650
2327
4321
3249
814
4505
2376
3198
264
911
1307
2801
1134
2250
988
1924
4
2870
3362
257
3364
3920
1186
2871
1652
4426
996
4532
2474
873
1772
4230
4161
4938
1682
2733
2473
2964
2143
2873
168
1873
426
1259
1156
3619
3905
1364
393
1248
708
2616
3052
2836
1614
3354
2554
4506
1612
3130
50
3186
4292
1037
4805
4433
2183
1674
1457
3875
4398
4997
18
2822
1120
827
1905
2077
228
4804
93
4264
1726
4109
3244
797
85
2524
2407
3127
1727
274
4940
3889
3788
3034
170
458
2695
1273
4720
2262
232
2441
2650
1164
2228
622
3245
3980
1127
3738
2355
104
1727
1868
2680
2749
1991
4386
3552
2920
4533
3929
3745
1926
4987
1709
1582
1625
2296
3905
1806
3525
3446
3799
1725
3671
3218
4914
2344
4890
4040
2607
3661
872
4739
2535
4996
1785
4710
4370
1144
1916
4855
1984
1175
2475
3472
1893
1901
4996
1181
1598
4018
4356
148
1854
1251
1169
3271
2368
86
3407
4008
1377
3112
4131
1093
312
4585
3475
1050
1411
1475
1660
1899
2227
4800
3612
163
734
3659
201
2669
766
110
1579
