ID,y
1001,1.3065191892226844
1002,1.0022209209139712
1003,1.1703717124055764
1004,1.5489851225971374
1006,0.47270220837591
1007,0.5559217820571603
1011,0.5488592392887492
1012,0.6905447243904415
1013,2.915695696478745
1015,0.7256902573412214
1018,2.785446723470415
1019,0.9642783498240735
1020,0.5754305900763497
1021,1.3815624426224786
1022,3.7940536858387364
1023,2.35145275587888
1024,0.9603339019619205
1025,1.6305153433647788
1026,1.259033145819837
1027,-0.016458313801174518
1028,0.34406921365884846
1029,1.6545030965784748
1030,0.9193788695690392
1032,-0.19010529002002652
1033,1.186672393482934
1034,-0.36497792706446974
1035,1.6939113608674945
1036,1.1577591404951324
1037,0.7565868640513097
1038,0.6647384502520689
1039,0.6390379770803566
1040,-0.07448240307574161
1041,1.4150682070843057
1042,1.1303096803151023
1043,1.8686346787492736
1044,2.188207300387459
1045,2.3154027821509446
1046,-0.8215616650556211
1047,1.2873335877586731
1048,1.2623536163938136
1049,0.27395206214093454
1050,0.24265728358723282
1051,1.3624000319133946
1052,1.3062754364426832
1053,-0.4293947733546175
1054,0.12239426399540226
1055,1.6226926574580167
1056,1.0350435245534575
1057,1.3488417584703076
1058,1.2182115898680337
1059,0.4424496807624534
1060,0.20097008981168263
1061,3.6013849306515127
1062,1.6996652270407984
1063,0.8940704822072938
1064,2.204096610068035
1066,1.413146505015058
1067,-0.3751811819633102
1068,1.4283228056986497
1069,-0.048271360409195746
1071,-0.6042548948132029
1072,3.624576006994308
1073,0.43583822538471667
1074,0.2870890254780598
1075,-1.2049512221765812
1076,2.5862999572479923
1077,2.0902583731301734
1078,0.24957494337681357
1079,2.006632728703925
1080,0.5185282961375706
1082,-0.40500274396098845
1083,2.536104633163032
1084,0.4112278975448836
1085,1.4889474551546402
1086,-0.22512377909766546
1087,0.8398197379527836
1088,0.9839971278330473
1089,2.22871374797412
1090,-0.01627609777190475
1091,1.2629034383651576
1092,0.8955727941459866
1093,2.2076527046569834
1094,0.8255023116571529
1095,1.2034356949517095
1096,2.0106505205926637
1097,2.574670882876113
1098,2.1645587860412254
1099,0.437195557505632
1100,2.0128340502094835
1101,-0.21211111555145057
1103,2.6812983736466323
1104,2.1270639472214983
1105,2.236316233249439
1107,0.6872148764683158
1108,1.9765442474689574
1109,2.185561760072598
1110,1.49656653668259
1111,0.8946796062355256
1112,1.638376773076353
1113,0.5199767674581097
1114,1.5283890797180444
1115,1.7020053905506676
1116,0.32488026527329206
1117,2.399807840351753
1118,2.3949193763934202
1119,2.277053198086054
1120,1.4971493148688637
1121,2.173101781781897
1122,0.7311060036556095
1123,1.930096492049582
1124,0.4533466860989972
1125,2.026627662451868
1126,0.21088345096586175
1128,1.2835802440875856
1130,0.703862561669657
1131,1.7578523844280514
1133,1.1293936175442414
1134,1.7303943493309377
1135,1.304154861490689
1136,2.63644580699491
1137,1.6987048823434354
1138,0.865063193777529
1139,1.68256265535559
1140,0.8950614841467932
1141,2.5841817108753036
1142,3.2299226685848477
1143,1.4177888032494672
1144,2.7426493250174633
1145,1.5097889870057632
1146,0.8288807266390312
1147,1.2595289832902055
1148,1.2034076180286652
1149,0.3224990796312538
1150,0.4270448347368212
1151,1.7159788887322274
1152,0.9509224372815409
1153,2.9818794370107584
1154,0.8145993244588068
1155,0.8254801014540057
1156,1.0544113304653404
1157,1.6989889977359847
1158,0.8171317620659577
1159,2.322526877698528
1160,1.1815298764727888
1161,3.031545356600615
1162,3.197408511201547
1163,0.23331918686749087
1164,1.49853423436638
1166,1.5870386423466738
1167,2.4221294484224054
1168,2.7271909875510687
1169,0.8516398473468555
1170,2.6736665056693916
1173,0.13823452137513081
1175,0.5261320245996961
1176,0.8137845878569765
1177,2.3724007689223074
1179,1.0245167263581973
1181,1.718033265853848
1182,0.5689184267239331
1184,1.5810253353434496
1185,1.6677331170451515
1186,3.6493021060558877
1188,1.4420176431987584
1189,0.032669516761928724
1190,1.9577848138380634
1191,0.7649056710212895
1192,0.8826685210976055
1193,1.505611859999327
1194,0.24450922292929436
1195,1.5623437897358001
1196,1.2343975815837251
1197,0.15733945100615657
1199,0.1840385667303608
1201,1.0145696733443081
1202,2.1762123069655455
1203,1.0198352534668107
1205,1.7850493892018546
1206,-0.10472454621314692
1207,2.0940201362243673
1208,2.906138943195284
1209,0.7679940317962847
1210,1.6119001671687687
1211,1.283210412837338
1212,2.2151615210853226
1214,-0.4255165185215961
1216,2.565532495194567
1218,1.317137487220137
1220,1.3141822945325223
1221,2.6196060259076273
1222,1.462426537918853
1223,1.0115526732164153
1224,0.3657480660605352
1225,2.281624125390398
1226,1.1421162678902286
1227,2.4662353782336144
1228,0.23252121658303704
1229,0.38505863015959874
1232,0.28420126758492303
1233,1.2772965544880346
1234,0.5520938972091465
1235,-0.0833139618939395
1236,0.2960089351362944
1237,2.49636446452622
1239,3.3747170001422524
1240,1.6337434177385208
1241,2.0822140763475696
1242,2.2937078722347524
1244,1.833835047434953
1245,1.5635109503553162
1246,2.264925980047939
1247,1.7386840741310807
1248,2.7071337904106594
1252,1.1798315646066584
1253,1.914530880009032
1255,1.3913586151053177
1257,0.8439444089495124
1258,0.37174183772687797
1259,2.5192350337561065
1260,1.2991482279127262
1261,1.439442197979449
1262,1.9894259398236627
1264,0.426095459303808
1265,1.496877611947379
1266,2.2542137832770726
1267,0.591328805759988
1270,-0.04956485460155813
1271,2.5562899704299404
1272,1.544521661693205
1274,-0.5841834083759576
1275,1.2911538401530642
1276,0.9263512369242382
1277,1.7211447350634153
1278,2.791880110874073
1279,0.7259151803100423
1280,1.294975028411715
1281,0.5773501934379537
1282,1.5680013056840858
1283,0.1316113684757929
1284,2.288180279018109
1285,1.4568514363390745
1286,2.269020212071861
1287,1.4132974044393192
1288,1.9840523773610008
1290,1.366535126701099
1291,0.3474278679289396
1292,1.1206951491432282
1293,2.309347146904007
1294,2.2040784561350457
1295,1.6411271851351152
1296,2.444321222965182
1297,1.1539072582428882
1299,-0.03206882294476743
1300,0.34550677389516726
1301,1.000412928438033
1302,2.0104353784940145
1303,2.555546546407478
1304,1.7200840842592628
1306,1.9773948689028198
1307,-0.6403366926834602
1308,0.8311886868883125
1309,1.7546172538255913
1310,3.585706333023234
1311,1.3520368382115666
1312,1.0146958267816077
1313,0.10590143728281014
1314,0.030091260990842195
1315,2.47160232448873
1316,-0.5470638367169907
1317,-0.6157600265266767
1319,2.67478317951017
1320,1.119875848686524
1321,2.3113823216372076
1322,2.704708243565599
1324,-0.3936541939280995
1325,1.0462835441453806
1326,0.9161115632769041
1327,0.6789715617422012
1328,1.0033715387919981
1329,1.8750103293691216
1331,2.4175751960876415
1334,1.58935294757305
1335,1.6250349691217294
1337,-1.2018092342262607
1338,2.042047451022576
1339,-0.06029039840687511
1342,2.09743028501061
1343,1.8193821837561717
1344,-0.5701530867834416
1345,0.744936659429412
1346,2.87193088380108
1347,2.6120471386269166
1350,0.8699436502661397
1354,1.9817190612944378
1356,1.1374441833618052
1359,1.2397695322352285
1360,2.390370466947923
1362,1.6910484862269388
1363,1.059390481862177
1364,1.5351132042879239
1365,1.054516769060045
1366,0.4717252158902637
1367,1.613245681492558
1368,0.39499923099270207
1369,0.7756563407254531
1372,1.81586083035842
1373,1.9029529992579388
1374,2.913671047596803
1377,0.05120172339418727
1380,0.7817628612717662
1381,0.5501301516628746
1382,1.0657732340005632
1383,0.8919473668505264
1384,-0.3455078635943327
1385,0.12753790703319345
1386,0.35039541330632057
1388,3.5206552350450067
1390,1.3834008847807657
1391,1.7450209810014086
1392,1.125098357908144
1400,-0.01881895761522734
1401,0.8016414096948851
1402,2.42020637703206
1404,2.1242083672550702
1405,2.8289095300096387
1406,0.9926517235549737
1407,2.6150633136918593
1409,1.0170512698303966
1411,0.44104666267514037
1414,2.909894798436797
1417,3.7643103953298036
1420,2.135618551882914
1422,1.3473262718736563
1423,1.500243123768914
1424,1.8196308459651123
1425,1.869722801257787
1426,0.7878129818289803
1427,1.3932860124688997
1428,2.861637634007458
1429,2.165111075145658
1431,1.1347383504146025
1434,2.1909525448937948
1435,2.108066589962987
1436,0.36238790438285506
1437,1.475416870696439
1438,2.0233300142712007
1439,0.6955110935951856
1441,1.8914334254355347
1442,1.16662354135083
1443,1.2485995689926435
1444,1.0399275736832445
1445,0.7939985071738568
1446,0.9088194963013045
1448,1.6571691142602822
1449,0.968288224210949
1450,1.1272254946403173
1451,1.8437578585254326
1452,0.38224144375445446
1453,1.4150607217047715
1454,1.7742725607806926
1455,-0.35352077611299737
1456,1.8073552893214213
1457,1.7351650375148107
1458,2.3966222433627107
1459,0.901956914697339
1460,1.5605556561268452
1462,1.1653598417203552
1465,0.01585610282685357
1466,2.1626403613237573
1467,2.27800871742394
1468,4.112167583926157
1469,1.9916999063257257
1471,-1.1904502186685035
1473,-0.5835301193233895
1474,1.3958927633828122
1475,1.149710498736272
1476,1.6412155864468043
1477,2.4435303760079052
1478,1.910571859604121
1479,2.131587494752801
1480,0.13021821376302012
1481,0.9720757948434968
1482,1.8349085814900676
1483,0.6947554206547066
1484,2.53578821906022
1485,0.5691428328146126
1486,2.015182082990585
1489,0.9789251190820711
1491,1.7085423428694546
1494,0.1748835799218322
1495,0.7094284942117273
1496,2.677679781147753
1497,2.0337391828900437
1498,1.7388847447545634
1499,0.992301492409521
1501,2.8552510364621924
1502,2.399316837215383
1503,1.8137937899159726
1504,1.3837039554406496
1505,0.9645045529063079
1506,1.591937477482574
1507,2.5841440264194175
1509,2.084101025580484
1510,3.1719702152741407
1511,-0.2850734860736772
1512,-1.8396774051749205
1513,1.878996761313603
1517,1.6891268658039886
1518,0.382905963896365
1519,-0.15534508960006604
1520,-0.8603695950433476
1521,0.07153507479695559
1522,1.1461628107010509
1523,1.614707043225463
1524,-0.47013855150201744
1525,1.161980821118897
1527,0.9213955171649998
1528,-0.21504465844595855
1529,1.2054253033653113
1531,-0.41911159723616387
1532,0.9725590996920264
1533,0.806484258505714
1534,2.384844612899907
1536,0.7366001922668728
1537,1.7093820814645935
1538,3.0171947866554985
1542,2.454479688630963
1543,-0.2238515805639235
1544,1.9384596498790272
1546,2.979033553041775
1547,2.1627571040677953
1549,1.4208647903247456
1552,0.9975626198775345
1554,1.284448937156149
1558,2.1488395908619404
1561,1.1733600241118909
1563,-0.03872606557581093
1564,0.8643418750977117
1565,-0.0006374559289266113
1566,0.42044166771811176
1567,1.265396746395144
1568,0.7004787803545327
1570,0.23636690392734033
1574,1.525075494837016
1578,2.701041199297767
1579,-0.17433010542673222
1580,0.9641981800667331
1581,1.2206880757453282
1582,0.9246363103859854
1588,-0.5922652762666449
1589,0.5703481668844858
1590,0.5769180013233903
1591,0.6788938516139089
1592,0.18482656586640833
1593,1.4586977859361374
1594,1.1238954287958676
1596,-0.055891204775566194
1597,2.2277306174487803
1599,1.8388844552721775
1604,-0.5991743182657727
1606,1.879917259187499
1607,2.762218527824151
1608,0.6856986549542166
1610,1.0793614810414167
1613,0.4213897554193241
1614,0.5634233681192782
1615,2.1480999963155925
1618,2.8856531182552763
1619,1.2672639764334548
1620,1.7269603432624312
1623,1.2556518251739308
1625,1.885646617454542
1626,1.8426733680468224
1627,1.0082600509138255
1628,1.1082051132996193
1630,0.5433216457938377
1633,1.9780203918520576
1634,2.007232042101683
1635,0.7589848941853835
1636,3.903531833962688
1638,-0.22075339740358513
1639,1.4842214343632287
1640,3.5124463350571817
1641,0.30972829314832995
1642,0.661300700317019
1643,1.5245500554218818
1644,3.4739540922007195
1645,1.2196472134953804
1646,3.1432350689342057
1647,1.858630785005971
1649,0.8427815237098368
1650,1.563699743956637
1651,0.9022955789678584
1652,1.6753414221959548
1654,1.4338267793332569
1655,1.02575774469442
1656,2.218863216463166
1657,2.300144095714402
1658,2.147365582731853
1659,2.0904799000806524
1660,2.5037330007449454
1661,1.2320778808816721
1662,3.0160483547076975
1663,2.561775549508394
1664,2.254849832804206
1665,1.4900463714977903
1669,2.059467466190254
1670,2.323551261312868
1671,1.6840184058157912
1673,0.3563081324958266
1674,2.019311098125755
1675,2.959936642580553
1676,0.6721388822804086
1677,0.8052709743787485
1680,2.416922477153808
1681,1.2878396274632689
1682,0.9550555077731104
1683,2.2089701506255826
1684,-0.6683730399316455
1685,2.1692834680229605
1686,-0.9268118950289934
1687,0.784220551500536
1690,1.5645916825002133
1692,0.11820539676578101
1693,2.916074962022254
1694,0.7608838268243214
1695,2.2899836000866935
1697,0.28739478509062444
1698,0.1712998612434784
1701,0.2559728305557539
1702,1.627599608757056
1703,1.6267984525885635
1704,-0.6669761317664171
1705,1.61555369782347
1707,0.6490073233888505
1708,-0.49748736991333947
1709,2.3252535386602293
1710,0.7399015637138308
1711,1.081233881186698
1712,0.40186518247882985
1713,1.1810703027516523
1715,1.57725929888236
1717,1.7855922484277826
1719,-0.9422431631217546
1720,1.705965008971135
1721,1.2722865282555098
1722,0.9304849411725382
1724,2.1714054422373783
1725,0.5628162501011336
1727,1.7322401131525296
1728,1.1737159826943848
1729,2.595183168836958
1730,2.775721721031851
1731,1.5337483421805522
1733,2.799250933533843
1734,2.0483491268694114
1735,1.105007737922735
1736,2.2757272198733163
1737,1.0442047953993918
1739,0.10574804991462583
1740,-0.5552167243316852
1742,1.506579453824274
1745,1.6693411345624378
1746,1.153768518960122
1748,0.6139832072168494
1750,0.45993416570768875
1751,1.083480552313937
1752,1.033826100285305
1753,0.15033225679253912
1754,1.073440966335867
1755,0.9201548850889631
1758,3.3622863236865017
1759,2.190311492986834
1760,2.2178669227727577
1761,0.542613873595892
1762,0.3403149958759426
1763,1.9759719058701044
1764,-0.1524517716987409
1765,1.6167613443879296
1766,3.365176867569135
1767,0.7049109530900792
1769,1.1821755483882874
1771,0.8696880319066391
1773,0.9999639297072945
1774,-0.20208952764163923
1775,0.36323909383607506
1776,1.9519455262916539
1777,0.39488651679572584
1778,0.130554510819195
1779,2.668135662686396
1783,2.178836460779813
1784,2.151981678487667
1785,2.1059640839284555
1786,0.49655304367455577
1787,1.5092268882666804
1788,3.073930948366982
1789,1.3553578149914252
1790,3.2419033604733567
1791,1.3411609344821933
1793,2.3436426172284803
1795,2.306903740385445
1797,1.3632429591191813
1798,-0.8476926456707241
1799,0.5434053792723913
1800,3.2538316538553813
1801,0.6296048609428326
1802,2.1957243093451657
1803,0.5511341623805228
1804,-1.445590288936242
1805,3.02970449189501
1806,2.020095841211264
1807,1.1142061170038435
1808,1.1344195082877153
1810,0.8464991886489543
1811,1.5662554729364446
1814,0.9800468566658354
1815,2.268934041721847
1818,1.471614285493358
1819,2.088475445385655
1820,1.0429337567932992
1821,0.22961194673278418
1823,1.3895503613241402
1824,2.532461435059937
1825,1.5251486102311165
1826,0.6483074749113401
1827,0.7596764998940716
1828,1.03304359734328
1829,2.3437975993523956
1831,0.5081364107519865
1832,1.4474509556357593
1833,0.5193594417723941
1836,3.363070448583837
1837,2.4165768915466193
1838,2.58019585202932
1839,3.4014193726644804
1843,0.6264077076470576
1844,1.1466277791153763
1845,0.6631642929795047
1847,1.4284127198781158
1848,-0.2851466966568468
1849,2.300087011382974
1850,-0.7220367207795004
1851,1.9252033781802516
1853,0.6596706519697866
1854,1.1398975514845604
1855,1.5458759623836018
1856,0.6757809061515575
1857,2.356006077649019
1858,1.4354678118943305
1861,1.6384879502998078
1862,0.9222357001965252
1863,1.0700681423671523
1864,1.5231093886372682
1865,1.9397602260941746
1866,3.6779577028433543
1868,1.6757212356722357
1870,1.476361350841482
1871,3.3115195842305467
1872,1.5782169021946915
1874,3.677091542923854
1875,1.043131230708756
1876,2.1500017391985624
1878,2.1392455917636117
1879,-1.320964248674941
1880,0.11223139586875375
1881,0.3453831077832161
1883,2.3868744461743443
1884,1.3568732482817383
1886,2.250530632762795
1888,0.8291175963151775
1889,1.202138128861748
1890,2.0281610661043983
1891,1.1512236672172347
1893,2.3764874568432726
1897,2.0066058005580376
1898,2.737696679049534
1899,2.2863266561263957
1902,1.9493378975023217
1903,2.4372575489446726
1904,-0.026371207665389695
1907,0.5744647900847796
1908,-0.21301249399697386
1910,-0.0043611896367765635
1912,-1.0399356743298125
1914,1.5841518878553382
1915,1.1895684250772667
1916,1.8366438966225418
1917,1.0937139928878306
1918,-0.9953488248958506
1919,0.23457961406357292
1920,1.2013331533259084
1923,0.2371574353219319
1927,2.5677036351071383
1928,2.43164939468801
1929,1.9457041308085814
1930,0.1278564027358713
1931,1.4292926936888422
1933,-0.0640035686980116
1934,0.5271709210380134
1935,1.5217601642996827
1936,0.5517174498269097
1937,2.173655717591579
1941,1.0326201508174169
1942,2.1461607026895373
1945,0.5390887090019774
1946,3.039983267835539
1949,0.9489781729157041
1952,1.6502452805292713
1953,1.3980112967467504
1957,0.11693469449611615
1958,1.0371736986327598
1959,0.2606584132506309
1960,2.46324884758902
1961,1.2001633701135697
1963,1.1542109982606394
1964,0.4848021161386589
1965,2.1652400848383566
1968,2.043492269994492
1971,3.212687685615494
1972,2.6902062496086097
1973,2.4735063684720937
1974,3.0814666510124633
1976,2.23056967305056
1977,1.1696576208836758
1978,1.3345321648306343
1979,1.6760196103827305
1980,2.0878821589637573
1981,1.8677528221606805
1982,1.8165355959906742
1984,1.5728024346133689
1988,-1.0613769019289037
1989,1.7725281261040702
1990,0.7915792173267833
1992,3.1980721781862425
1993,1.3877225305126974
1995,1.3446899880940635
1996,0.7962643177358676
1999,1.8054690989772153
2000,-0.42531064085372366
2001,1.313042279812109
2003,0.9866278389745422
2004,3.4338728585721343
2005,2.6732984115478358
2007,2.8831476533242495
2009,2.887939106390071
2010,2.3249104066076853
2011,3.4867686340726243
2013,1.4231784089751724
2014,1.6774971917821264
2015,2.424019812066271
2016,0.5758412239329493
2017,1.4638864848358655
2018,2.236477243216394
2019,0.29981059447461167
2020,2.3002919542864264
2022,-0.7889918121889503
2023,0.6211891956223932
2024,0.6805782355671983
2025,4.506622254055907
2026,1.476243550599674
2027,2.646532899657508
2029,0.45282928051788573
2030,3.7952100298804896
2031,0.8434207246691079
2032,1.8071692454606318
2033,0.9106341935400626
2036,1.0698516076955806
2037,1.5103702290633514
2038,1.5664762227070401
2039,1.7800166926502068
2040,1.1242639413008404
2041,1.7663671381017474
2044,-1.0485536467628684
2046,2.0816478136434187
2048,1.0215942515690999
2050,2.1148966360887944
2053,1.3531586025899338
2055,1.402389219070218
2056,2.0701917763298283
2057,1.7206798497418754
2058,0.7758362664652549
2060,0.8682403250517874
2061,0.10327054323345686
2064,2.905942572006401
2065,1.197596431888614
2066,1.6049721993234947
2067,1.3737579337383368
2069,-0.2538112834658165
2071,1.0861851033667025
2072,1.3827555952993142
2073,2.124558511247708
2074,0.8631476560947045
2076,2.4055903400880965
2077,1.7626929382808019
2078,3.034925991801151
2079,2.0377742051317744
2080,0.785857038810718
2081,2.0262964340429637
2083,1.713353742189193
2085,0.5911470717477192
2086,0.9099379217633934
2087,1.0992812272368528
2088,0.7807976707077258
2090,3.306432445777866
2091,2.3326255317313556
2092,1.4566076935851653
2094,0.6215595333114339
2095,0.5621557830765709
2099,0.9909315821923749
2101,1.0750214884852507
2102,1.309008980334747
2103,0.255438060517182
2105,0.5526428127842102
2106,1.1965512059821903
2107,0.39810912723212116
2108,0.22903191667494496
2109,1.354625754252154
2110,0.5931240340439177
2112,1.6646474984034965
2113,1.578738895895426
2114,2.7425402806466046
2115,0.8837684695183561
2116,0.08237771074962041
2117,0.6775297883408036
2120,2.144099315912445
2121,1.3790670035325452
2122,0.6939733207464727
2123,1.0131656518169982
2124,3.772793650441094
2125,1.8074934801650366
2126,-0.23554957269198734
2127,1.9460202267024986
2128,1.5229606359583103
2130,1.6170518388669801
2131,2.420921332832024
2132,2.111533514933603
2133,-0.997027884666499
2135,1.3449622554692675
2136,2.0259101554238494
2137,3.7290997188317476
2139,2.0569491984861052
2140,2.179407252193768
2141,1.8835948914644893
2142,2.0210658322535133
2143,0.21790113147826085
2145,1.0635545305068677
2147,1.0863755553583552
2148,2.4670632112542967
2149,1.7414141548730455
2150,2.5279703677624616
2151,2.76559358419158
2152,2.098772739470413
2153,1.3982403876030014
2154,2.7905046177364734
2155,2.5045638134039123
2156,1.8327699808258862
2157,0.2538065637083422
2159,2.180968913439317
2160,0.575032059642334
2161,2.6339370515737057
2162,3.406504722654779
2163,0.724433877119083
2164,0.7927835042840018
2165,0.292731940274331
2166,1.3224925493578692
2167,2.314976902420543
2168,0.7036242388952555
2171,1.25618799674467
2172,0.7711423385652948
2179,2.54846912260793
2181,-0.9538687359514968
2182,0.5673410600618838
2183,1.1382571347749457
2184,1.3582205614219245
2185,0.8815280519348143
2186,2.6273134417606427
2187,2.0649003671070014
2191,0.40854008559238597
2192,1.3306673782730905
2193,3.362410285908737
2194,3.077819536310245
2195,1.5367735209627018
2197,0.91829036908527
2199,1.7858710663616733
2201,2.062085001034525
2203,3.5542784698036898
2207,0.9730687188720708
2209,2.52973491247665
2211,3.155562590314628
2213,2.791043178930785
2217,2.388118808430648
2219,1.2869680461874604
2221,2.53439604677628
2223,0.4993675271206849
2225,1.9231797193666913
2227,0.6555379473558544
2229,0.5345471031354823
2231,-0.948795538584239
2239,1.0924760788756025
2241,1.370467535088338
2243,-0.3127236977473914
2245,0.8372311111664583
2247,0.5231479516809315
2249,-0.07951270406522504
2253,1.6826164448712397
2255,1.486468099798651
2259,2.019590917140945
2263,2.1709259422122904
2269,1.9955394864889666
2273,1.4128657677284848
2277,1.4005867770230647
2279,3.8070670841893515
2281,1.713762706640298
2285,1.2674376312875968
2287,1.7877623289813176
2289,0.5381495381876722
2297,2.6006567328322165
2301,0.8822048305440666
2303,1.1261049198392465
2305,1.941624461667875
2311,-0.9694557168649249
2315,0.2150816826538894
2317,-0.029616285072979393
2323,-0.5090229872100123
2325,-0.7227167797540773
2327,1.3382582515780999
2329,1.307494650323476
2333,0.9596737815919645
