4129
3454
4280
4696
1650
4666
3958
4081
2622
702
1677
4640
3881
4950
4357
761
1734
2519
4051
202
1577
3856
2976
3444
1821
1938
2920
93
1482
3870
2915
2922
3928
3753
1609
815
2687
3575
4277
4510
938
488
4021
3155
2572
2704
592
4189
2442
4560
1832
3886
1823
629
1070
531
1622
4325
2719
4682
569
1732
915
2948
2996
3972
3467
4984
971
947
2211
2843
150
357
2625
4206
843
820
4933
3271
3869
2410
1906
759
814
4293
4290
1471
3034
432
3206
2974
3971
1474
4131
4395
3788
961
3592
4132
3906
4166
4324
4151
4771
3044
3684
1406
4024
2707
2075
4098
101
2146
2071
3758
5021
465
2515
1736
2084
699
1343
147
2008
1232
2338
4880
1752
1141
2446
1732
614
2296
335
1768
3938
2758
2149
3336
742
174
1419
2468
758
517
3245
3698
3724
2281
2420
1313
1782
3761
4906
2769
5011
485
5003
3837
2291
1849
449
3318
1671
1745
322
2697
1243
4022
1051
414
2360
918
3007
10
1496
3818
2801
4189
1010
3572
2477
3341
3023
463
2250
3369
2090
431
3150
3033
4772
5011
593
4414
1094
3291
2692
1875
633
4417
1713
3908
1739
2764
695
4799
508
4326
2083
1555
699
1230
2978
4572
4145
1863
335
2261
1856
536
1145
1054
4130
4755
4685
4144
250
4130
1676
3892
3111
4067
866
532
2300
2397
2406
748
1720
1609
3940
688
1937
3988
4492
392
3141
3611
614
