ID,y
1001,0.2531810567149424
1002,1.9006554961590716
1003,0.26706751665458034
1004,-0.07137502017782472
1006,0.4324512760063827
1007,0.16072857313299616
1011,-0.1844809943486523
1012,-0.010180632978957382
1013,0.10075165490146959
1015,-0.4533446812744161
1018,0.9084983988031484
1019,2.0099206969750636
1020,-0.16440475884019246
1021,1.0206637293518086
1022,0.8011280667961428
1023,0.37501487154540536
1024,1.8151175907245956
1025,0.11573190418478241
1026,0.2775328813912248
1027,0.4128682561158345
1028,1.324566505742929
1029,0.9325761059455127
1030,-0.5160486856411985
1032,-1.1260485623744623
1033,-0.30527659895473963
1034,-1.698380706130368
1035,1.139333178174777
1036,2.2070657731545666
1037,-0.23116740182460854
1038,0.8244974626961112
1039,0.5375603233841146
1040,0.5662769255521998
1041,-1.2447899470014971
1042,2.270842831953988
1043,-1.9124640067198737
1044,1.8928836036182821
1045,-0.9562918561083025
1046,0.9361451525724097
1047,-1.4931076801525234
1048,2.664488409123584
1049,-1.4000206177475651
1050,0.31979509630539105
1051,-1.3724208522791965
1052,1.3637236295082003
1053,-0.32485043305356615
1054,0.647617378562785
1055,-1.096377867497708
1056,0.2655084071823995
1057,0.29211763949473235
1058,0.03180558961387048
1059,0.9831384613275231
1060,1.8462794976377543
1061,-0.6823905828820704
1062,1.9646423058282747
1063,2.3113642880742447
1064,-1.3991913932452302
1066,0.5116641639972074
1067,1.4526942805929604
1068,2.369189445904513
1069,0.6109591239082108
1071,0.5303320992502442
1072,-0.14461323082625444
1073,0.6779372540854078
1074,0.8157992351913734
1075,1.8640787118876012
1076,0.543000522180859
1077,1.0716049417008253
1078,1.6686582684790872
1079,1.0833343623866019
1080,0.7540830374981187
1082,2.3745329046429786
1083,1.3159514463129378
1084,-0.989644148830532
1085,-0.27835391713835056
1086,1.5667938350358839
1087,0.41151632997256127
1088,-0.23334077404072084
1089,1.621744914664129
1090,-0.354088894198331
1091,1.181006168626832
1092,0.005549974523331835
1093,0.9554614380079591
1094,1.1290757105568563
1095,0.9729011102987803
1096,-0.22067838436412893
1097,0.6678320076862027
1098,-0.044926632616104356
1099,2.3341899067782585
1100,0.881662668600247
1101,1.298603560248221
1103,0.09878250487348383
1104,-0.3775777545587411
1105,0.8043808481554201
1107,1.346498440443246
1108,-1.065287760314209
1109,-0.1833666967470422
1110,1.1127371570843088
1111,2.096061131482853
1112,1.4159984829532042
1113,-0.5519209665682259
1114,-0.11926219517182779
1115,0.9189308999523702
1116,0.8811083696686755
1117,0.5411308940061933
1118,1.790582034851337
1119,1.6308836774572555
1120,0.5975188836986343
1121,0.719831808761697
1122,-2.144905253365743
1123,1.475635154962689
1124,0.8996189759839659
1125,1.1421060515155947
1126,0.17431690618272394
1128,1.2433526538169952
1130,-1.0243634636828955
1131,1.3877610470604955
1133,-0.32219217468441796
1134,0.04770327386892875
1135,-0.6287233963963594
1136,1.2510170124510571
1137,-0.3555959945893826
1138,0.2759376636792814
1139,1.1969014509665783
1140,1.788468164078391
1141,1.4327023444010014
1142,-0.15059663525338518
1143,-0.8470475340582938
1144,-0.9894791321969096
1145,1.3557112982107198
1146,-1.051428430682726
1147,1.8688820275566587
1148,-0.5439731005883517
1149,1.5391990893396432
1150,-1.0680366305884745
1151,0.7872429268568597
1152,0.8027798833895143
1153,1.9814482922900336
1154,1.1474882143880076
1155,-0.34515372972967034
1156,1.0970761588115123
1157,1.0138130400367018
1158,1.525465311895783
1159,1.2224264393310165
1160,0.002559278501324546
1161,0.5169904896438285
1162,-0.02198604591115849
1163,1.9194534239985415
1164,-0.8949700094128432
1166,-0.3843302560162456
1167,1.3743307469448447
1168,2.401828141683067
1169,-0.29476160772018106
1170,-0.13739955265829956
1173,-0.4085334813230215
1175,1.4700203793498137
1176,-0.46102299864489504
1177,0.4676647867046354
1179,0.004255285596909908
1181,0.43450407114689
1182,1.5598240380982198
1184,1.5610391129464953
1185,-0.07406923495996198
1186,0.933269674474887
1188,1.8488877980046559
1189,-0.6369139968568251
1190,0.8565406278625605
1191,0.823056121342721
1192,0.5554189686221869
1193,1.231352697897646
1194,-0.10884269641814462
1195,-0.6496197880070413
1196,0.11416153934488753
1197,0.5862337549723196
1199,1.4075288626516538
1201,2.25581700667953
1202,-0.343578760059672
1203,1.4248949024476036
1205,1.1080567419799552
1206,0.1493396248924893
1207,1.5229324984070844
1208,2.0639687423714173
1209,0.8141660401826181
1210,2.330244458789716
1211,1.1925473113649103
1212,-1.2897282922434221
1214,1.1586386219665104
1216,0.30669378877703646
1218,0.9773017457824991
1220,1.4718338611691464
1221,1.5890759127312806
1222,2.063159512578728
1223,0.5201303591236706
1224,0.8644358199103723
1225,0.15606248821250512
1226,1.2395745926963677
1227,0.9884490522873933
1228,1.5799534036810574
1229,0.9577482043266272
1232,0.3492798488543038
1233,1.2179824159696977
1234,-0.07322294118948999
1235,-0.36411154483978014
1236,2.5280459937713395
1237,0.023099129308328137
1239,0.08635077875724839
1240,0.2749676602888501
1241,0.06255260967467074
1242,1.6797809765038845
1244,1.3975211301084083
1245,0.10305165685338666
1246,2.076577515879088
1247,0.8185454701777991
1248,1.4206765645181139
1252,2.162211838413632
1253,1.099684226183872
1255,0.7915109909415404
1257,0.6301142220208474
1258,1.499720205659882
1259,1.0455048501060085
1260,2.430890413806341
1261,1.9060456998472906
1262,0.31701795284555623
1264,-0.3721425634508906
1265,-0.7075792331180888
1266,-0.38202309439388826
1267,0.6332145853526053
1270,0.9814105578139751
1271,0.35679523850410816
1272,1.4129908998916303
1274,-0.7187376320153325
1275,-0.5004038438838523
1276,-0.7249657658626696
1277,0.6816272105836662
1278,-0.6536147606845514
1279,0.45090457840626774
1280,-0.8599971246757284
1281,-0.02879382347361098
1282,-1.3736439619874434
1283,-0.23357930894487322
1284,0.8409105703383588
1285,-0.21368798413157253
1286,1.4628924287238636
1287,-0.4465926214511232
1288,0.4113801820194341
1290,0.49319360435489223
1291,-0.6646590164912278
1292,1.4249229598107294
1293,1.1765099784121247
1294,1.0693718163116401
1295,1.4579906560863294
1296,2.079923623532415
1297,1.0442752333172995
1299,1.4605854998824324
1300,1.0319912273527745
1301,-0.21333141252518184
1302,1.9196044264500989
1303,0.9237505573417395
1304,1.2313391094286088
1306,0.7568946430753825
1307,1.5673242684790232
1308,1.476705109831487
1309,1.249403017194827
1310,0.11715763640789834
1311,1.7965807094387778
1312,1.0662735341274798
1313,0.7574406375375384
1314,1.7251688972948374
1315,0.6999787339566145
1316,-1.3445739012471163
1317,0.4769991429133313
1319,1.1235006208258909
1320,1.8274079089186985
1321,1.6166731337772788
1322,2.026906813228424
1324,1.5662967010422535
1325,2.272051202212938
1326,-0.2417984293677452
1327,0.7655260630751961
1328,0.07558262992829701
1329,0.3227578844397715
1331,-0.34824501898336346
1334,1.2284344743609434
1335,0.33428417897363616
1337,1.6283203519300273
1338,-0.4269991344495046
1339,-0.5009038149020173
1342,1.2465456112297009
1343,-1.2828024657147392
1344,-0.014645878402859358
1345,0.4555291980427004
1346,-0.3400492984751773
1347,0.26253593679491494
1350,0.6096365939166509
1354,-1.3261972456449387
1356,1.100437602439392
1359,1.2811477166702177
1360,-0.6333534427631393
1362,-0.9006194734161798
1363,-0.8164198553076519
1364,-1.039532812591666
1365,2.339569190778164
1366,2.097829733972024
1367,2.808738441196504
1368,-0.17463019371332195
1369,1.8544717199104792
1372,0.8690346470087595
1373,0.6901898728235042
1374,3.296497371255766
1377,1.0994671432037928
1380,2.446437095329564
1381,1.5287267231551258
1382,-0.16023668784668005
1383,0.615015912676925
1384,0.6073123648784218
1385,1.054449236814793
1386,0.2291058545556119
1388,0.30724994863498656
1390,1.4330779837782313
1391,-0.6163614455741556
1392,0.8354758496242918
1400,0.6102538700750225
1401,0.48065819954990374
1402,1.4988128642048113
1404,-0.08041226897239684
1405,1.079278809716335
1406,1.1029135617343662
1407,0.5453410352207733
1409,1.0748815729547443
1411,-0.07487176602935469
1414,0.8960427642260326
1417,-0.20712403494940293
1420,0.375494820935784
1422,1.5559988470635764
1423,1.085447974204551
1424,0.0932595530348172
1425,1.3785794123566615
1426,1.0498974006567325
1427,-0.2016212116606626
1428,0.4231627334059873
1429,1.5344303475124583
1431,-0.36964662438083196
1434,0.5682190353359674
1435,0.5545748390658269
1436,0.8902428262503327
1437,0.11959717329027619
1438,2.1601298147475525
1439,-0.4654989957033696
1441,-0.3194264390959115
1442,1.0029758367311754
1443,2.2980709553674794
1444,-0.31649162539389974
1445,0.20763400668826093
1446,0.4505273224572901
1448,1.4247373006803117
1449,1.754078535964342
1450,0.01331671029019671
1451,0.14209761015120415
1452,-0.11691692049068814
1453,1.4088824200123948
1454,1.308396018926786
1455,1.3091679258683317
1456,0.627838422589114
1457,2.210350152905862
1458,-0.26812408617006833
1459,0.5498069074960297
1460,2.6469678996049977
1462,0.35690350248885966
1465,0.5780905099633361
1466,-0.7229011800680634
1467,1.3029580854919993
1468,1.4835910021774494
1469,0.6697550049925334
1471,1.8426071828151689
1473,0.9362182649146412
1474,0.21603245588754272
1475,1.4941857441676607
1476,0.7426363159303945
1477,0.11142283131915354
1478,0.1673306899311344
1479,-1.5575250473599553
1480,0.3303207301139839
1481,1.015959577044314
1482,1.0677965923781714
1483,0.5675905281064978
1484,2.0278685769435865
1485,0.7591501948880492
1486,0.6418564859588436
1489,-0.0325840236724505
1491,1.070437882470579
1494,2.0330395971824204
1495,1.4558785623491959
1496,2.597577259234502
1497,1.5167703986326968
1498,1.7156277104893554
1499,1.8000854081937547
1501,1.0317108134415114
1502,0.5865578257314203
1503,1.883454068014129
1504,1.7121741610873762
1505,2.511786459002624
1506,1.2512737635891475
1507,1.2495206180811316
1509,1.085585147838859
1510,-0.32683095521589367
1511,0.45858333609886576
1512,-0.06834602872293466
1513,0.9347626537755385
1517,-0.9406795819057068
1518,0.07485132559232072
1519,1.8090996508948962
1520,0.6657602289442617
1521,2.081349622162634
1522,0.5729285605000624
1523,1.0757535539251857
1524,0.30142768344326965
1525,-1.9234330091229448
1527,0.05595717717816709
1528,0.026197927411855157
1529,-0.579535531240571
1531,-2.161485857424812
1532,0.08187772861326337
1533,1.2659613909024963
1534,0.7222826517772225
1536,0.11047126486172032
1537,-0.3270696748339119
1538,0.28421064889442516
1542,0.7137676163301524
1543,-0.3606293320207322
1544,2.753229038114285
1546,0.8013886331042032
1547,0.8522624130329273
1549,1.5533027262388852
1552,0.30243023771009936
1554,-0.00830519424417131
1558,1.6682791165724564
1561,0.7854200009914306
1563,2.892228706831168
1564,0.8942629599566598
1565,0.3263767631471136
1566,0.721212498158212
1567,0.9481381163141509
1568,-0.5167749790207014
1570,0.41771903808310396
1574,0.9746222920238204
1578,1.2483818922425858
1579,2.631853309368815
1580,0.3297762184675932
1581,0.02003042054130713
1582,0.2186952942447044
1588,2.5712909234809658
1589,-0.5714097270945724
1590,-0.42925288207976975
1591,1.1269140504615636
1592,-0.35422812806942894
1593,0.6888348042490371
1594,-0.8861921342561384
1596,-2.393098787384627
1597,1.268003598439477
1599,0.8730298445190398
1604,-0.5308381263258961
1606,0.14718281907392305
1607,-0.8985361657899233
1608,0.6802472008945812
1610,0.8278820562938511
1613,0.36393394221259906
1614,0.46053621162590974
1615,-1.4827411814955
1618,1.987429255556407
1619,1.2917276511246938
1620,0.4417374788610604
1623,-3.750856634904183
1625,0.2118531947302551
1626,0.49769169165001037
1627,-0.9604038165356585
1628,1.2625167859987654
1630,1.5179382279670164
1633,0.9488234932414323
1634,1.759544146985173
1635,-0.5949765029297757
1636,1.1670398795253099
1638,0.027527327094713838
1639,-0.7659660484437195
1640,0.5421234082711024
1641,-1.2519924654208379
1642,0.22416748353132565
1643,1.553986298728573
1644,0.4713666495603136
1645,0.32000727413196817
1646,1.5761345207267468
1647,0.8212713971081088
1649,1.1085891261829888
1650,0.4564191409911307
1651,0.638949802759111
1652,2.0313501453480622
1654,-0.21665793998933847
1655,1.5457783095365956
1656,-0.24179778539538455
1657,0.6658409152060957
1658,1.080734484665538
1659,2.349619628262995
1660,-0.09977474979726275
1661,0.3626804253716882
1662,0.8739591732223921
1663,2.178501812076783
1664,1.136541207276216
1665,0.9572721397922532
1669,1.0155632340671188
1670,0.8902773760433066
1671,-0.35016647284353875
1673,0.242450020941396
1674,2.1860367792075253
1675,2.3488144617094644
1676,1.7296009437414757
1677,0.9934306556407003
1680,1.9300327983251235
1681,1.8010553816405095
1682,0.1053377064484459
1683,1.5143191104181464
1684,-0.9298187443760983
1685,1.087041827249473
1686,-0.43178753499259637
1687,-0.9689309993771659
1690,-1.5065728203942554
1692,-0.19628685268175833
1693,1.8121681024452572
1694,0.7305313047416684
1695,0.8272295618509459
1697,1.1368839952879586
1698,0.19457832221295673
1701,0.8043550608523942
1702,-0.13276392882525256
1703,0.21157500537270046
1704,-0.8085135368774151
1705,-0.0675363727374092
1707,2.2962749347789284
1708,-0.9109317841785018
1709,0.8697612951145853
1710,0.9157856026033566
1711,0.7337860552227664
1712,1.1451049437357
1713,-0.6408150432649495
1715,-0.46415375433416123
1717,-0.5553172578514831
1719,-1.3071742003992641
1720,0.2451759492824337
1721,-0.46479364185289185
1722,0.539922560833511
1724,1.259540264246493
1725,2.283278235448332
1727,-0.9170176943520967
1728,0.6323716270989818
1729,-0.4520447209668598
1730,0.30678467803424136
1731,-0.5112231599485713
1733,0.8048457599221415
1734,-0.7241918585096453
1735,1.1826346916954564
1736,1.0048162296356031
1737,2.6079160238804535
1739,0.9852336301001046
1740,1.1784535159177332
1742,-0.4321542626000734
1745,0.08539139327162532
1746,0.8400176667949362
1748,3.3836110224410096
1750,0.2875817963979628
1751,1.7148942130524796
1752,0.009811162913116234
1753,-0.5994544962246454
1754,1.4204018504356455
1755,-0.6956577437112736
1758,1.5295454940800395
1759,1.5108127792906796
1760,-0.6246243391150454
1761,0.3980205754417865
1762,0.8610544270614309
1763,-0.9124378337367038
1764,1.0611400397464679
1765,-0.9101699050585947
1766,2.2369421368442213
1767,0.3459562354050711
1769,0.2774432759487751
1771,1.2682277323248181
1773,0.9914233803848165
1774,0.8489493195697406
1775,2.3218262687598488
1776,-0.7023141590731785
1777,-0.04310279877767248
1778,0.288440835009718
1779,0.6886190989418185
1783,0.07142406695142522
1784,0.24382562547594616
1785,0.9184701175041866
1786,-1.7606809833585237
1787,2.2243814165487272
1788,-1.0151398177049664
1789,1.0339932842521131
1790,-0.5117713453201765
1791,0.8960381930875612
1793,0.6557887928863502
1795,0.5498188151478549
1797,-1.3664157452349217
1798,1.374793482196886
1799,-0.04097122864639602
1800,2.031974852345752
1801,0.04087170321585584
1802,0.2260143340581435
1803,-0.7596895438450775
1804,1.1664110719552778
1805,1.546230331242842
1806,0.5764699987720826
1807,1.2759418680110288
1808,-0.2857228845711864
1810,0.2272715284062965
1811,0.8662520134755141
1814,-0.5062918230161909
1815,1.733606975641228
1818,1.327890633070218
1819,2.2592180978858294
1820,0.04910958020118794
1821,1.404035453058382
1823,1.8900314041594197
1824,1.643467275094165
1825,2.3047687721592456
1826,0.3318873581991796
1827,1.0888169055926329
1828,0.8442189260415445
1829,1.9856891309867355
1831,-0.16994682393193372
1832,1.0970820659345764
1833,-0.6161783144220571
1836,0.029977975784731103
1837,1.0054707358897748
1838,1.3456561990653824
1839,0.0023499249311738912
1843,0.3688023601779682
1844,0.6117629930126977
1845,1.131839632199322
1847,1.0565421519653506
1848,0.20699006200448827
1849,0.7995088643616298
1850,0.42519906222245774
1851,-0.23161803164229502
1853,2.3546217534802123
1854,0.33258303356712515
1855,0.7828203460475387
1856,0.3732080821394915
1857,-0.20305826138040015
1858,2.2214628572844806
1861,2.0534931584446587
1862,1.1809880094989884
1863,1.0654365390725948
1864,0.518406005675611
1865,0.13875093033403507
1866,2.3985062184139956
1868,1.8770775214560893
1870,-0.14552357345087508
1871,-0.3217998325833703
1872,-0.1472528493034769
1874,0.48903285995302886
1875,1.0443931076361697
1876,0.7727881690920078
1878,0.2892177060059655
1879,-0.12495333597427305
1880,0.30665504955817635
1881,-0.26127978121072515
1883,1.0580784084984836
1884,1.2579585739233003
1886,1.3537088150804948
1888,1.0333509266352872
1889,0.5818127962535318
1890,1.6473907427404932
1891,0.30587756801916244
1893,0.2891923483130601
1897,0.14611999117300772
1898,0.2575218298330914
1899,1.5315737598028063
1902,-0.3571207418610701
1903,-0.3514148623983879
1904,1.1483094394208258
1907,0.6129557169017237
1908,0.878775412968289
1910,0.30244054728181735
1912,0.1823560622662278
1914,2.4612456921311656
1915,-0.912540126217731
1916,3.0885383411417315
1917,0.7282955791434538
1918,0.26688746412110886
1919,2.7746875515042975
1920,0.8373051368952918
1923,1.1659955486804314
1927,0.7318445311494095
1928,-0.16964527472244884
1929,1.5064750984938062
1930,-0.09016317105088026
1931,1.5806621299427386
1933,0.8045717619722991
1934,-1.672591643832506
1935,1.5661552604755815
1936,-0.12118484847143529
1937,-1.1621938036834822
1941,0.6975980319064877
1942,-1.1372297902977113
1945,1.8796695800033967
1946,1.235309952127802
1949,1.1374181417743305
1952,1.3481958103387441
1953,-0.10818185134590894
1957,1.0664440418338745
1958,0.5782045775225679
1959,1.0254248783363544
1960,0.037863423562231935
1961,2.0221801611175803
1963,0.92382505842262
1964,0.5264819656567687
1965,1.136242827784296
1968,0.7894694526861943
1971,1.2514594587378782
1972,-0.6784172571992844
1973,1.1400400310530474
1974,-1.0259683119770033
1976,0.6994185731560504
1977,1.6789239905996054
1978,1.6624136221697636
1979,-0.3895314833925294
1980,-0.19669700782438868
1981,0.15317604427327258
1982,-0.09429867219200225
1984,2.44003656526095
1988,0.3500653805656854
1989,0.23182375468217215
1990,1.0161387874201921
1992,1.302345270321155
1993,0.370236255798659
1995,2.892771783321565
1996,0.8373526601762795
1999,0.48776648489030006
2000,0.6795197835738127
2001,0.869717371202723
2003,0.7965217143802733
2004,1.130737786849436
2005,0.5497578608703101
2007,1.8490616365846133
2009,-0.08096424070113895
2010,0.476939961862603
2011,0.36613150791221216
2013,0.9741891667223181
2014,0.16362678125063923
2015,-0.3515944081530328
2016,1.4117073002070604
2017,-0.32781734680267105
2018,0.7941829636155913
2019,1.3587283644083192
2020,0.5232164561593846
2022,0.21063492880053725
2023,-0.2490600418145511
2024,1.5057009109942991
2025,0.5091066992841617
2026,0.647959871841544
2027,-0.35663382994711196
2029,-0.4924436840586296
2030,0.23796471820539863
2031,2.488912422899009
2032,2.9447401442506638
2033,3.3778847852785003
2036,-0.024096486739419665
2037,0.7377335748219773
2038,-0.0880859612857412
2039,2.265116034815539
2040,0.6045203386042641
2041,-0.656321573828232
2044,-0.2320123484391886
2046,1.1875398273816837
2048,1.3862130587926194
2050,2.164043911019042
2053,0.32239328861250005
2055,0.06772621566326364
2056,0.5098657775434458
2057,0.07131461276704881
2058,0.9044019018087213
2060,0.7497488929929894
2061,0.6286485938024596
2064,0.9025822791819097
2065,0.4631146403842544
2066,1.3066535728398199
2067,1.542995735055241
2069,0.6442285212716881
2071,0.6540382603550008
2072,0.49840512679245286
2073,0.001428349589570388
2074,0.678453337400793
2076,0.4333992835223655
2077,1.6586094581696336
2078,1.244574206720464
2079,0.5976430766463522
2080,-0.5030025818175662
2081,0.6659774576123231
2083,1.1372832350790674
2085,-0.3124509398230023
2086,1.3665472065583757
2087,0.8258724971386607
2088,0.17698117582467196
2090,0.2881465561810549
2091,0.21640002573618727
2092,0.19019893427232676
2094,-1.0390945486477015
2095,0.12840429597240266
2099,-0.9201544119867807
2101,-0.6457399899517926
2102,0.8078316418181501
2103,-0.26074366154850587
2105,0.2573145979314416
2106,-0.4405546134041018
2107,-0.3788107615286691
2108,0.4742932340828001
2109,1.347790393074008
2110,-0.4517410876546821
2112,-0.05804820553213293
2113,-1.937669555606682
2114,0.8195787466657742
2115,1.1101983386919883
2116,2.17070678478272
2117,-0.8638151492461852
2120,0.19716480410256676
2121,-0.5410685136170794
2122,1.2190384326857089
2123,2.2309312807092603
2124,0.7997220880538115
2125,0.10418891431678212
2126,0.34210581422740427
2127,0.29059453890902337
2128,-0.3202566034470078
2130,0.6246700109253454
2131,1.4153151280951977
2132,2.1347825389254043
2133,1.557711109294357
2135,1.708599755398625
2136,1.3628010265049932
2137,0.03373280309546267
2139,0.8077471298686227
2140,2.555106230050705
2141,0.05905283433584485
2142,1.1396079645458255
2143,-0.9067490402398031
2145,1.8464475256028268
2147,0.19783246498194507
2148,-1.5712234347995866
2149,0.019027469297165478
2150,-1.7122808984246765
2151,0.011878592098107939
2152,-0.052516442469905056
2153,0.8098722654794581
2154,1.413450262723881
2155,0.7832976669740066
2156,0.5695007201428488
2157,1.9411165846184102
2159,0.816473338908199
2160,-0.11448887295532306
2161,0.8778981982363594
2162,-0.7264287486922092
2163,1.8599860336429943
2164,0.5778519912053897
2165,2.1724479446817324
2166,-0.6646518501105899
2167,1.8020405729734081
2168,-0.6569273562877962
2171,-1.8497075545520516
2172,2.453534901163078
2179,1.2979326283234218
2181,1.3304675047491417
2182,1.3481027189495243
2183,2.0367403376615028
2184,-0.29235501590629925
2185,2.138682542804768
2186,-0.6439638410888529
2187,-0.25800791768026626
2191,1.3801491369623264
2192,0.370090852430551
2193,1.0828258014263075
2194,1.7189933692479116
2195,-0.14082395971277994
2197,0.3809710704998872
2199,-1.2503340484364978
2201,-0.6121174354407519
2203,-0.027558103361270625
2207,1.0995719372565056
2209,0.6373430902007411
2211,1.9834802036322445
2213,0.07206937302369842
2217,0.5520360809822148
2219,2.9312598618626753
2221,-0.801317147238712
2223,1.002635087312376
2225,0.5656939824519949
2227,1.1005354221203183
2229,1.1035725177507412
2231,-1.1679230980559958
2239,-0.016686333210602422
2241,0.17352854827327535
2243,0.4441358008743101
2245,1.507161199221598
2247,-0.10923987668577537
2249,1.428124990467194
2253,-0.14776460435345426
2255,1.5486667474670748
2259,0.22660655153720782
2263,1.3742886332339255
2269,2.24579904422182
2273,-0.054837592558536735
2277,1.9046485077297013
2279,3.3518488155949147
2281,1.437215075441212
2285,1.9562760682724103
2287,-1.1892807054735197
2289,0.8154533592403449
2297,0.9522114674304331
2301,-0.17005400805060855
2303,0.2641766303191426
2305,0.31116639587038597
2311,-1.5355623618209358
2315,-0.48578001219281036
2317,-1.7836043529715124
2323,1.4947363139602197
2325,1.667607827731849
2327,1.5208769960134287
2329,1.296650774525414
2333,0.14341540885968945
