4479
1764
3721
4388
3776
3180
4300
1194
1291
2241
3525
90
4476
3942
4928
4367
4367
532
2436
485
2926
324
2082
4500
1917
1015
2414
4083
3226
1182
1028
3680
4841
345
2030
4862
3929
2567
1641
3203
1268
2025
35
3384
2829
4885
1466
54
308
146
289
3226
4059
4183
3984
4189
2807
4668
1162
14
384
4759
5018
4541
4127
770
3990
4339
2852
2587
3142
1758
4184
4211
208
1792
4571
3358
801
1944
3950
2040
1386
4664
4108
4594
503
633
725
3506
3141
55
4029
4133
204
4008
4420
1324
3931
876
4935
103
3392
2903
3159
2929
3866
4485
1480
1118
4949
4884
867
235
3343
4904
2827
4231
3429
3021
860
203
3812
4330
4038
1841
4966
3964
181
2957
2339
1096
2866
4876
2796
4143
2028
1307
3122
792
81
399
4930
2662
3173
3796
111
2948
3222
5018
4838
59
1100
1541
3915
3980
3028
839
3441
4197
2981
4107
531
4921
1022
739
129
4705
4585
2837
3726
2067
1119
4750
1963
2385
2377
1992
1415
250
3707
910
2182
2614
4199
3604
1961
2764
1109
4299
525
4667
470
110
4954
1794
4491
393
138
3794
5000
2285
647
3191
1456
1233
4415
3897
738
3622
2412
3871
1881
2376
2907
356
3004
2844
2396
4297
1000
297
4972
2458
773
1148
2515
4359
2453
4562
4935
1199
3976
1745
1187
3000
4030
2200
4540
549
372
187
3874
4176
1402
2343
2857
4350
3348
594
4553
